NN: [0.46648774, 1.3596249, 0.17439424, 0.23916876, 0.19479914, -0.18164879, 0.088179685]
ILQG: [0.24121928238906554, 1.6029251183670592, 0.12415518733082909, 0.21186489118016194, 0.40569639692814619, -0.23896637583431257, 0.0064728747082031801]
NN: [0.53021204, 1.2681012, 0.29927105, 0.30963361, 0.12398643, -0.37697244, 0.10443481]
ILQG: [-0.001204198952176494, 1.5182333617240991, 0.30346855329928468, 0.33610623370865511, 0.22660122591948317, -0.21576126394301465, 0.1559543379707039]
NN: [0.50235897, 1.3065524, 0.24156879, 0.27315685, 0.16133343, -0.28345662, 0.096240148]
ILQG: [0.25408423922599255, 1.4888735764958612, 0.13512346839241718, 0.32892871692454806, 0.069003405010320318, -0.27802154054138484, 0.0097479304852583493]
NN: [0.48130167, 1.3338144, 0.202131, 0.25239557, 0.18978114, -0.20968883, 0.082311146]
ILQG: [-0.11923734802827113, 1.7962711348589764, 0.32427604375937413, 0.63969584928698175, 0.39159443044348441, -0.26410313008049835, -0.084283532636364455]
NN: [0.4937951, 1.3135356, 0.22961822, 0.2702893, 0.17902523, -0.24300149, 0.078319363]
ILQG: [0.43441594534312022, 1.3279020544159668, 0.58058311914523819, 0.30421929980196494, 0.44657301525864312, -0.31265338423409395, 0.14652303663413169]
NN: [0.49285161, 1.3192769, 0.21548139, 0.25064212, 0.17879055, -0.24493337, 0.097543307]
ILQG: [0.14559004862998703, 1.299772992422993, 0.14498576298379717, 0.53636478593351589, 0.33255174178303371, -0.090487589881968589, -0.169325264742334]
NN: [0.48663822, 1.3275063, 0.20673968, 0.24920276, 0.18458584, -0.22646753, 0.09175308]
ILQG: [0.28763058249257689, 1.7739821759311538, 0.70222873599201641, 0.48342354530246467, 0.33467837127981614, -0.11379205701343698, -0.44968973680155477]
NN: [0.47723073, 1.339303, 0.19361283, 0.24708404, 0.19462413, -0.19638972, 0.081445672]
ILQG: [0.4486381269419859, 1.264908146979415, 0.65019773732765296, 0.61302609544854381, 0.34751223539766318, -0.070527246915968345, -0.15751670516796015]
NN: [0.49714842, 1.3125451, 0.22240676, 0.252848, 0.17621702, -0.2551226, 0.098681234]
ILQG: [0.53464884583949246, 0.95796204126942808, 0.48021687502677357, -0.048743658354425734, 0.25011163399404968, -0.49369729731174772, -0.14582716621640013]
NN: [0.51074451, 1.293695, 0.24240777, 0.25758857, 0.16432939, -0.29282814, 0.10829463]
ILQG: [0.48322820456526305, 1.2412423096077507, 0.77451081251550069, 0.51220013191039981, 0.27990677994179292, -0.31961608689896992, -0.11492192764867437]
NN: [0.48843032, 1.3227601, 0.21079683, 0.25163823, 0.18648779, -0.22550815, 0.087248065]
ILQG: [0.59649708697362525, 0.89906457219306635, 0.53379311409015173, 0.059976711507351066, 0.33432925571357508, -0.43988604815020982, 0.037828527722388594]
NN: [0.5012064, 1.3031906, 0.23283766, 0.26054466, 0.17768684, -0.25748241, 0.089802966]
ILQG: [0.44986283024196583, 1.0616127280413874, 0.54297572325857879, 0.23400523198657397, 0.41413836017507633, -0.5280894911541445, 0.10512530086630312]
NN: [0.50591338, 1.298326, 0.23664324, 0.25746369, 0.17178777, -0.27443257, 0.099880055]
ILQG: [0.57268817464894184, 0.94639254760721947, 0.51969646566935646, 0.33009647533035391, 0.3132922781361418, -0.34364059121295376, -0.1134416213857824]
NN: [0.49660057, 1.3100336, 0.22375935, 0.25552124, 0.18158223, -0.24494724, 0.089728974]
ILQG: [0.47871311222629448, 1.0414936295687423, 0.55868325953870457, 0.29295683941965045, 0.34161057769548897, -0.48535544699590499, 0.034327531034231917]
NN: [0.48731911, 1.3219869, 0.21068269, 0.25328577, 0.19092198, -0.21623355, 0.080359928]
ILQG: [0.63334658074096817, 0.87480880442787146, 0.45012546788220142, 0.21007654361398775, 0.317722260824707, -0.2930975061529586, -0.044229425373837963]
NN: [0.48806828, 1.3207451, 0.21192199, 0.2537092, 0.19057779, -0.21782827, 0.080396511]
ILQG: [0.50366895468095474, 0.80862263652459143, 0.42252866861315264, 0.44067229657055951, 0.31731104260586473, -0.23518018248959049, -0.32731557031138769]
NN: [0.49113989, 1.3163791, 0.21652149, 0.25480834, 0.18809322, -0.22626093, 0.0824323]
ILQG: [0.4315145356298784, 1.122620058397886, 0.56754799938520217, 0.32046235429319581, 0.42216577498529873, -0.45167212883554786, 0.10686252270458219]
NN: [0.48813337, 1.3200685, 0.21243355, 0.25427905, 0.19129749, -0.21659052, 0.078966357]
ILQG: [0.61445129342114235, 1.0261136673815734, 0.60486592140678075, 0.37113917883528247, 0.34474901021477633, -0.26408690458226869, -0.012453315994507691]
NN: [0.47817439, 1.332916, 0.19880953, 0.25240719, 0.19983451, -0.18754655, 0.069666646]
ILQG: [0.46674499131704106, 0.96901353629098463, 0.44160073883653772, 0.4176932298438103, 0.43022872783752586, -0.26673372149481156, -0.13925970010757344]
NN: [0.49189487, 1.3148046, 0.21798487, 0.25551856, 0.1882243, -0.22702467, 0.081629544]
ILQG: [0.51166449378910106, 1.1446127203425971, 0.66048052117040812, 0.40880842288284047, 0.3506924406086549, -0.28317335246212605, -0.17295950343699829]
NN: [0.49520487, 1.3100424, 0.22297935, 0.25675321, 0.18563145, -0.23596254, 0.083674721]
ILQG: [0.55822358838585062, 1.0971384091813268, 0.61788183246517092, 0.23261218863394306, 0.35652092537546975, -0.34796742649855006, 0.015029936300227642]
NN: [0.48208302, 1.3269939, 0.20482981, 0.25402927, 0.1974753, -0.19701454, 0.071180493]
ILQG: [0.49418920553307677, 1.0567909705734002, 0.58473288775295318, 0.48892367619958799, 0.35315730647010968, -0.17573513216180481, -0.26578858010316248]
NN: [0.4857665, 1.3220634, 0.21000567, 0.25490195, 0.19451925, -0.20736444, 0.074185982]
ILQG: [0.52842920172001895, 1.1838202115091487, 0.71205352802469446, 0.48695071701427406, 0.36935018253479468, -0.21578898938533997, -0.12288499625188531]
NN: [0.4820227, 1.327329, 0.2046131, 0.25386336, 0.19721717, -0.19744995, 0.071690328]
ILQG: [0.4962082093648732, 1.1104301168191164, 0.60097712736576625, 0.29652636862961834, 0.3347955367877562, -0.24472543145500092, -0.063815641515118982]
NN: [0.48262352, 1.3259299, 0.20585112, 0.25450271, 0.19742677, -0.1977832, 0.070791379]
ILQG: [0.41434423139631194, 1.075249636596989, 0.59787787210910448, 0.43598691376218446, 0.37159837995428546, -0.23441538853521759, -0.34534552381084294]
NN: [0.48253348, 1.3259562, 0.20579669, 0.25457624, 0.19760552, -0.1973228, 0.07048884]
ILQG: [0.54011455977107437, 1.1126850003064697, 0.62481443338979392, 0.43861884669006868, 0.33169671884526508, -0.13727815491186557, -0.10930681809033312]
NN: [0.48584518, 1.3215122, 0.21045855, 0.25537211, 0.19496036, -0.20660354, 0.073163979]
ILQG: [0.3977376189366344, 1.0287425670612911, 0.53435078633491218, 0.41038058170250524, 0.31797732204807483, -0.17519492481223442, -0.36356669322565627]
NN: [0.48271435, 1.3254635, 0.20624262, 0.2548719, 0.19774272, -0.19728099, 0.070027992]
ILQG: [0.41331446050487908, 1.0321784334765254, 0.52224100785070782, 0.38833577548563403, 0.31252573869275224, -0.18450887810188665, -0.30754826512777256]
NN: [0.48279011, 1.3252778, 0.2064136, 0.2549749, 0.19777693, -0.19730881, 0.069885075]
ILQG: [0.40561641490180533, 1.0430290048322046, 0.54476356666470971, 0.45224890957792896, 0.31740144180713692, -0.15894088203428502, -0.35051388611670431]
NN: [0.47944111, 1.3295983, 0.20183201, 0.25434527, 0.20064762, -0.18754224, 0.066758133]
ILQG: [0.40925659273534665, 1.0291038442872973, 0.54047564783317492, 0.46426633748448909, 0.31536475091768423, -0.14911655711047067, -0.37947738580062684]
NN: [0.47943598, 1.3296049, 0.20182495, 0.25434431, 0.20065199, -0.1875273, 0.066753387]
ILQG: [0.40572741885817853, 1.0275900937995477, 0.53623941479348924, 0.43173754027272437, 0.31448099793600015, -0.16654073526707647, -0.34106828905812048]
NN: [0.4794361, 1.3296046, 0.2018251, 0.25434431, 0.20065191, -0.18752751, 0.066753447]
ILQG: [0.41562973002783021, 1.013467400709299, 0.50464866907449468, 0.4189044550246388, 0.30938962159650973, -0.1536249364690685, -0.33585595900948195]
NN: [0.4794361, 1.3296046, 0.2018251, 0.25434431, 0.20065191, -0.18752751, 0.066753447]
ILQG: [0.40212446771282795, 1.0422094662494716, 0.507240215445111, 0.40696107436793572, 0.32318805315736476, -0.17780773391320048, -0.33370643777625564]
NN: [0.4794361, 1.3296046, 0.2018251, 0.25434431, 0.20065191, -0.18752751, 0.066753447]
ILQG: [0.39282331534314707, 1.0611867694065638, 0.52987945305740425, 0.45123543106768471, 0.34405982851983996, -0.17120107704745113, -0.35914325899470689]
NN: [0.4794361, 1.3296046, 0.2018251, 0.25434431, 0.20065191, -0.18752751, 0.066753447]
ILQG: [0.39305646067339639, 1.0507124162344663, 0.52823050115120318, 0.46256269657303095, 0.35325817812006743, -0.17406181269113619, -0.38116301941678499]
NN: [0.4794361, 1.3296046, 0.2018251, 0.25434431, 0.20065191, -0.18752751, 0.066753447]
ILQG: [0.39260700724883346, 1.0575763053632183, 0.51713945843680165, 0.46168660478312962, 0.34459146653286243, -0.16796419692638886, -0.35119588235407018]
NN: [0.4794361, 1.3296046, 0.2018251, 0.25434431, 0.20065191, -0.18752751, 0.066753447]
ILQG: [0.39397797813758451, 1.069923693645773, 0.50815750647141256, 0.44869896513380203, 0.34516128223435327, -0.15518263618663242, -0.33032770268494255]
NN: [0.4794361, 1.3296046, 0.2018251, 0.25434431, 0.20065191, -0.18752751, 0.066753447]
ILQG: [0.39269004346291236, 1.0742779058970773, 0.49729639474314702, 0.41807778421436348, 0.3482088525100675, -0.15895369985741725, -0.30249582259413377]
NN: [0.4794361, 1.3296046, 0.2018251, 0.25434431, 0.20065191, -0.18752751, 0.066753447]
ILQG: [0.39309175536632623, 1.0799763211247186, 0.47335223797841208, 0.39771370040895349, 0.3429769282880395, -0.15176499194660664, -0.27930739004154465]
NN: [0.4794361, 1.3296046, 0.2018251, 0.25434431, 0.20065191, -0.18752751, 0.066753447]
ILQG: [0.38483571011299755, 1.1177162526164914, 0.45872664902232607, 0.38130133714395775, 0.3494512403502128, -0.15882562121534982, -0.24824833427548904]
NN: [0.48160243, 1.3252304, 0.20771562, 0.25912336, 0.20096414, -0.18987374, 0.062226094]
ILQG: [0.37480862542796523, 1.1374837111826364, 0.4447075507557503, 0.36990383583283393, 0.36315966405725142, -0.14360633722139071, -0.23245093230770836]
NN: [0.47972167, 1.3290315, 0.20237291, 0.25460219, 0.20067085, -0.18785213, 0.066486672]
ILQG: [0.37130408660468528, 1.1532335206962678, 0.43655007968320203, 0.34064758924590821, 0.37365608281957075, -0.15390410903201623, -0.20751642842035883]
NN: [0.47971335, 1.3290533, 0.20235024, 0.25458491, 0.20066445, -0.18785381, 0.066510782]
ILQG: [0.37602989666767561, 1.1556985605298946, 0.43138318565420586, 0.33924987790005234, 0.36866143766474924, -0.15426783199471927, -0.2025306237131167]
NN: [0.47971353, 1.3290529, 0.2023506, 0.25458515, 0.20066455, -0.18785378, 0.066510402]
ILQG: [0.37701608873786752, 1.1577846445660567, 0.42840978701162769, 0.33562919237903266, 0.36870542727983313, -0.15331800029666953, -0.19805074613606455]
NN: [0.47971353, 1.3290529, 0.2023506, 0.25458515, 0.20066455, -0.18785378, 0.066510402]
ILQG: [0.37793659410539204, 1.1598419562405946, 0.42550094983091613, 0.3320785350058979, 0.36877779863522253, -0.15238881433119589, -0.19367732965557066]
NN: [0.47971353, 1.3290529, 0.2023506, 0.25458515, 0.20066455, -0.18785378, 0.066510402]
ILQG: [0.37881792855630692, 1.1618633533256713, 0.42263906988093303, 0.32860723174654138, 0.36885523520514329, -0.15148528314123666, -0.18940000274266]
NN: [0.47971353, 1.3290529, 0.2023506, 0.25458515, 0.20066455, -0.18785378, 0.066510402]
ILQG: [0.37966031044892845, 1.1638561454413843, 0.41982543266942529, 0.3252173267449856, 0.3689389254121167, -0.15060594773720526, -0.18521371617864435]
NN: [0.47971353, 1.3290529, 0.2023506, 0.25458515, 0.20066455, -0.18785378, 0.066510402]
ILQG: [0.38046408604534143, 1.1658277837391309, 0.41705666821637766, 0.32190883138944804, 0.36902622097389237, -0.14974441184020348, -0.18110029252520088]
NN: [0.47971353, 1.3290529, 0.2023506, 0.25458515, 0.20066455, -0.18785378, 0.066510402]
ILQG: [0.38123304328696817, 1.1677878685103182, 0.41431631504977728, 0.31865818874419283, 0.3691062144415671, -0.14888739168825316, -0.17701784789705138]
NN: [0.47971353, 1.3290529, 0.2023506, 0.25458515, 0.20066455, -0.18785378, 0.066510402]
ILQG: [0.38197963293103299, 1.1697449705701348, 0.4115678247534178, 0.31539699079717254, 0.36916481685902625, -0.14802056775924588, -0.17290667915672164]
NN: [0.47971353, 1.3290529, 0.2023506, 0.25458515, 0.20066455, -0.18785378, 0.066510402]
ILQG: [0.3827225365179483, 1.1717039368547115, 0.4087697666274217, 0.31203315862790815, 0.36920638032872333, -0.14714632060838095, -0.16873309844979084]
NN: [0.47971353, 1.3290529, 0.2023506, 0.25458515, 0.20066455, -0.18785378, 0.066510402]
ILQG: [0.38346601685900472, 1.1736714515248889, 0.40592582515421216, 0.3085540532983857, 0.36928072916738053, -0.14630042157401135, -0.16455460788669951]
NN: [0.47971353, 1.3290529, 0.2023506, 0.25458515, 0.20066455, -0.18785378, 0.066510402]
ILQG: [0.38416646245315511, 1.1756766973980457, 0.40313602148431871, 0.30516088880233827, 0.3694718004749129, -0.14553160122598108, -0.16051308951670606]
NN: [0.47971353, 1.3290529, 0.2023506, 0.25458515, 0.20066455, -0.18785378, 0.066510402]
ILQG: [0.3847264435113964, 1.1777973135954716, 0.40055043775597898, 0.30222528456359266, 0.36979803900873964, -0.14481411889776918, -0.15662987696688146]
NN: [0.47971353, 1.3290529, 0.2023506, 0.25458515, 0.20066455, -0.18785378, 0.066510402]
ILQG: [0.38507620523333541, 1.1801491774705695, 0.39813948610355188, 0.29982325170292023, 0.3700562987077074, -0.14394240979467499, -0.15244090574628011]
NN: [0.47971353, 1.3290529, 0.2023506, 0.25458515, 0.20066455, -0.18785378, 0.066510402]
ILQG: [0.38534113139386283, 1.1827772860833272, 0.39541459111476995, 0.29700532116560918, 0.36981950514092077, -0.14259649238393179, -0.14694441285349163]
NN: [0.47971353, 1.3290529, 0.2023506, 0.25458515, 0.20066455, -0.18785378, 0.066510402]
ILQG: [0.38590532380963527, 1.1854453848472881, 0.39164633949443894, 0.29192845466601858, 0.36889342577051654, -0.14078680772024221, -0.13967798865246939]
NN: [0.47971353, 1.3290529, 0.2023506, 0.25458515, 0.20066455, -0.18785378, 0.066510402]
ILQG: [0.38706532076339939, 1.1875394743341103, 0.38704504580741905, 0.28421921727648858, 0.36800877297758472, -0.1393563471900181, -0.13262349927886619]
NN: [0.47971353, 1.3290529, 0.2023506, 0.25458515, 0.20066455, -0.18785378, 0.066510402]
ILQG: [0.38852950152255539, 1.1884305713057648, 0.3836291614603291, 0.27739091250367354, 0.36846354700649009, -0.13942568440524938, -0.12968988911427515]
NN: [0.47971353, 1.3290529, 0.2023506, 0.25458515, 0.20066455, -0.18785378, 0.066510402]
ILQG: [0.38955625415327622, 1.1882218068036274, 0.38368501584437653, 0.27617300887546481, 0.37070806683233393, -0.14104382816541605, -0.13249967532871004]
NN: [0.47971353, 1.3290529, 0.2023506, 0.25458515, 0.20066455, -0.18785378, 0.066510402]
ILQG: [0.38781498464325526, 1.1895978741327906, 0.38859673630797542, 0.28383969899434502, 0.37470467055896695, -0.14417560884643499, -0.1411763447458883]
NN: [0.47971353, 1.3290529, 0.2023506, 0.25458515, 0.20066455, -0.18785378, 0.066510402]
ILQG: [0.38500483361949511, 1.1913414627905083, 0.39481551641535795, 0.29670419942266379, 0.37772795921525137, -0.14495540565481413, -0.14413170515578499]
NN: [0.47971353, 1.3290529, 0.2023506, 0.25458515, 0.20066455, -0.18785378, 0.066510402]
ILQG: [0.38560091825167131, 1.1892025014417649, 0.37769999401758825, 0.29893622660903985, 0.37438978166458003, -0.1420203357444163, -0.12967357468649343]
NN: [0.47971353, 1.3290529, 0.2023506, 0.25458515, 0.20066455, -0.18785378, 0.066510402]
ILQG: [0.39010401988655752, 1.1880798111210533, 0.38382808000801938, 0.28394504378206165, 0.37020252538201959, -0.14011296919792493, -0.13545593231124198]
NN: [0.47971353, 1.3290529, 0.2023506, 0.25458515, 0.20066455, -0.18785378, 0.066510402]
ILQG: [0.39067806718916387, 1.188896039215527, 0.38244954452964519, 0.28291122452492523, 0.37025778407082743, -0.13962838492031626, -0.13379890260439964]
NN: [0.47971353, 1.3290529, 0.2023506, 0.25458515, 0.20066455, -0.18785378, 0.066510402]
ILQG: [0.3914056151283245, 1.1896711621441971, 0.3807492096371905, 0.28155456751768249, 0.36996345758669147, -0.13883668163816809, -0.13136351735893487]
NN: [0.47971353, 1.3290529, 0.2023506, 0.25458515, 0.20066455, -0.18785378, 0.066510402]
ILQG: [0.39247871187608063, 1.1902987926665416, 0.3785901179413258, 0.27916401152536086, 0.36933826299549022, -0.13777714991397416, -0.12806688142802009]
NN: [0.47971353, 1.3290529, 0.2023506, 0.25458515, 0.20066455, -0.18785378, 0.066510402]
ILQG: [0.39390269270613643, 1.1905892565679095, 0.37643811998737653, 0.27610089077687183, 0.3686176426628478, -0.1366901214435754, -0.12459266945385505]
NN: [0.47971353, 1.3290529, 0.2023506, 0.25458515, 0.20066455, -0.18785378, 0.066510402]
ILQG: [0.39543628484830262, 1.1905093874845232, 0.3751544929586994, 0.2731499144199665, 0.36794069267685359, -0.13576055014981414, -0.12158978196706643]
NN: [0.47971353, 1.3290529, 0.2023506, 0.25458515, 0.20066455, -0.18785378, 0.066510402]
ILQG: [0.39507900505096938, 1.1918241470163853, 0.37590438099264722, 0.27116637653482289, 0.36788866747285187, -0.13666568887138952, -0.12332217828117475]
NN: [0.47971353, 1.3290529, 0.2023506, 0.25458515, 0.20066455, -0.18785378, 0.066510402]
ILQG: [0.39003916327147725, 1.204601874280443, 0.39031167310088977, 0.27403906317697713, 0.36962776492460048, -0.14160489633885454, -0.12683578458205924]
NN: [0.47971353, 1.3290529, 0.2023506, 0.25458515, 0.20066455, -0.18785378, 0.066510402]
ILQG: [0.38980483326876136, 1.2030383266866835, 0.36980472074633552, 0.27110214386644671, 0.37796036122843857, -0.13455855841445397, -0.10867533014890102]
NN: [0.47971353, 1.3290529, 0.2023506, 0.25458515, 0.20066455, -0.18785378, 0.066510402]
ILQG: [0.3927743172250131, 1.2012629259157184, 0.36549622866801323, 0.26298248243972688, 0.36963764483435746, -0.13510689374478035, -0.10824529582658188]
NN: [0.47971353, 1.3290529, 0.2023506, 0.25458515, 0.20066455, -0.18785378, 0.066510402]
ILQG: [0.39290777258060006, 1.2027508608679622, 0.36486954262211335, 0.26135701943421896, 0.37080151910998627, -0.13447082178206982, -0.1062761872245449]
NN: [0.47971353, 1.3290529, 0.2023506, 0.25458515, 0.20066455, -0.18785378, 0.066510402]
ILQG: [0.39325042435122404, 1.2037006479753545, 0.3634732110105976, 0.25980194910748589, 0.37083080539427726, -0.13408773271987284, -0.10436485792180689]
NN: [0.47971353, 1.3290529, 0.2023506, 0.25458515, 0.20066455, -0.18785378, 0.066510402]
ILQG: [0.39357655833229854, 1.2046252478164243, 0.36214283363873467, 0.25830231903359646, 0.37088112434917342, -0.13371463488942936, -0.1025268077571444]
NN: [0.47971353, 1.3290529, 0.2023506, 0.25458515, 0.20066455, -0.18785378, 0.066510402]
ILQG: [0.39389306116871325, 1.2055070055729611, 0.36086670792315445, 0.25686196048481813, 0.37092882796564908, -0.13335957885707206, -0.10077512164251545]
NN: [0.47971353, 1.3290529, 0.2023506, 0.25458515, 0.20066455, -0.18785378, 0.066510402]
ILQG: [0.39419935582436993, 1.2063368256029841, 0.35965673764854111, 0.2554960011343268, 0.37097799225012729, -0.13302930893731146, -0.099135877554029139]
NN: [0.47971353, 1.3290529, 0.2023506, 0.25458515, 0.20066455, -0.18785378, 0.066510402]
ILQG: [0.39449217920189716, 1.2071038784229839, 0.35853344793069697, 0.25423856593230809, 0.37103340710539978, -0.13273172034681191, -0.097645991693337764]
NN: [0.47971353, 1.3290529, 0.2023506, 0.25458515, 0.20066455, -0.18785378, 0.066510402]
ILQG: [0.39476696993940941, 1.2077955481136167, 0.35752012996079885, 0.25313515658150632, 0.3710929767287876, -0.13246948626847632, -0.096338403691754948]
NN: [0.47971353, 1.3290529, 0.2023506, 0.25458515, 0.20066455, -0.18785378, 0.066510402]
ILQG: [0.39502665677937854, 1.208393815091257, 0.35662394002785724, 0.25220499236959348, 0.37113759859909923, -0.13223396043054381, -0.095219700463353707]
NN: [0.47971353, 1.3290529, 0.2023506, 0.25458515, 0.20066455, -0.18785378, 0.066510402]
ILQG: [0.39529588978295083, 1.2088656169380008, 0.35581625046011633, 0.25139088722353176, 0.3711349662458252, -0.13201253089805753, -0.094273686899995268]
NN: [0.47971353, 1.3290529, 0.2023506, 0.25458515, 0.20066455, -0.18785378, 0.066510402]
ILQG: [0.39562519969176613, 1.2091524788069306, 0.35504959662534863, 0.25057490876005684, 0.37107728090466452, -0.13182097827162365, -0.093537049819266194]
NN: [0.47971353, 1.3290529, 0.2023506, 0.25458515, 0.20066455, -0.18785378, 0.066510402]
ILQG: [0.39605956805824039, 1.209178705656315, 0.35434758818766254, 0.24976124609036887, 0.37104300147177405, -0.13174225118930571, -0.093232359082849547]
NN: [0.47971353, 1.3290529, 0.2023506, 0.25458515, 0.20066455, -0.18785378, 0.066510402]
ILQG: [0.39657022612392145, 1.2089028505287078, 0.3539188594551741, 0.24937467025554483, 0.37119864159902516, -0.13189566146860499, -0.093772957106706689]
NN: [0.47971353, 1.3290529, 0.2023506, 0.25458515, 0.20066455, -0.18785378, 0.066510402]
ILQG: [0.39702692448561061, 1.2084042745404462, 0.35408695613363483, 0.25025243398978425, 0.37161460992821294, -0.13225006306854303, -0.095325008369843922]
NN: [0.47971353, 1.3290529, 0.2023506, 0.25458515, 0.20066455, -0.18785378, 0.066510402]
ILQG: [0.39733725269963571, 1.2079310593621693, 0.35483189293685968, 0.25276867581633899, 0.37192355932739218, -0.13234987824188404, -0.096911295934537622]
NN: [0.47971353, 1.3290529, 0.2023506, 0.25458515, 0.20066455, -0.18785378, 0.066510402]
ILQG: [0.39775646851352131, 1.2078122281994985, 0.35513123577942252, 0.25520640342112255, 0.37115941758408244, -0.13127128786190745, -0.095786422581995323]
NN: [0.47971353, 1.3290529, 0.2023506, 0.25458515, 0.20066455, -0.18785378, 0.066510402]
ILQG: [0.399102288604398, 1.2081434589704156, 0.35292508666531464, 0.25279851234431527, 0.36841053577514948, -0.12835440734482262, -0.088755470876729914]
NN: [0.47971353, 1.3290529, 0.2023506, 0.25458515, 0.20066455, -0.18785378, 0.066510402]
ILQG: [0.40191687451377467, 1.2084235545766022, 0.34781521306010443, 0.24223585149241789, 0.36516867617621518, -0.12527936621761382, -0.078251577516060711]
NN: [0.47971353, 1.3290529, 0.2023506, 0.25458515, 0.20066455, -0.18785378, 0.066510402]
ILQG: [0.40362935683655277, 1.2083394045636953, 0.34601784752226261, 0.23493900353868735, 0.36637028928170334, -0.126281928867781, -0.077258251405882328]
NN: [0.47971353, 1.3290529, 0.2023506, 0.25458515, 0.20066455, -0.18785378, 0.066510402]
ILQG: [0.39963546861618648, 1.2106957247412831, 0.35099151711388754, 0.2461518670692997, 0.3703748763706205, -0.12982702399018287, -0.088289118808093758]
NN: [0.47971353, 1.3290529, 0.2023506, 0.25458515, 0.20066455, -0.18785378, 0.066510402]
ILQG: [0.40041999802914563, 1.2134799782077981, 0.33600392050478067, 0.23365902408199224, 0.36753920343769764, -0.12466545458263656, -0.071097093214529727]
NN: [0.47971353, 1.3290529, 0.2023506, 0.25458515, 0.20066455, -0.18785378, 0.066510402]
ILQG: [0.39353959744125899, 1.2197499887463921, 0.3428973382237086, 0.23115440066017801, 0.37817471394877744, -0.12568828495349638, -0.07297235081876613]
NN: [0.47971353, 1.3290529, 0.2023506, 0.25458515, 0.20066455, -0.18785378, 0.066510402]
ILQG: [0.39818028296601149, 1.2210618443912367, 0.33945033510258726, 0.23211927790204623, 0.37224371712259519, -0.12742126321494263, -0.070524540573140893]
NN: [0.47971353, 1.3290529, 0.2023506, 0.25458515, 0.20066455, -0.18785378, 0.066510402]
ILQG: [0.39840972270360697, 1.2217324870923207, 0.33848109518257075, 0.23106975769524185, 0.37225110875323519, -0.12716983439984952, -0.069203385320698863]
NN: [0.47971353, 1.3290529, 0.2023506, 0.25458515, 0.20066455, -0.18785378, 0.066510402]
ILQG: [0.39861034890610503, 1.2223923145672875, 0.33753972051894987, 0.23002233524685245, 0.37229168020588332, -0.12691212840406585, -0.067908018231708889]
NN: [0.47971353, 1.3290529, 0.2023506, 0.25458515, 0.20066455, -0.18785378, 0.066510402]
ILQG: [0.39880721995611679, 1.2230431716322856, 0.33661133589183279, 0.22899024018742642, 0.3723314985602828, -0.12665826223184362, -0.066630665087788588]
NN: [0.47971353, 1.3290529, 0.2023506, 0.25458515, 0.20066455, -0.18785378, 0.066510402]
ILQG: [0.39900039543244614, 1.2236862936526764, 0.33569452788404464, 0.22797148610891993, 0.37237097751319048, -0.12640760880122559, -0.065368709597255548]
NN: [0.47971353, 1.3290529, 0.2023506, 0.25458515, 0.20066455, -0.18785378, 0.066510402]
ILQG: [0.39919015236390343, 1.2243233703812249, 0.33478707814277686, 0.22696354996574053, 0.37241006610861227, -0.12615936192659671, -0.064118415716605481]
NN: [0.47971353, 1.3290529, 0.2023506, 0.25458515, 0.20066455, -0.18785378, 0.066510402]
ILQG: [0.39937684613334468, 1.2249567800664762, 0.33388603488418078, 0.22596271148594038, 0.3724486565299916, -0.12591247663806915, -0.062874658896525326]
NN: [0.47971353, 1.3290529, 0.2023506, 0.25458515, 0.20066455, -0.18785378, 0.066510402]
ILQG: [0.3995611700741668, 1.2255887837670472, 0.33298701475343817, 0.22496394961035993, 0.37248670893685443, -0.12566531058460517, -0.061629808597211344]
NN: [0.47971353, 1.3290529, 0.2023506, 0.25458515, 0.20066455, -0.18785378, 0.066510402]
ILQG: [0.39975001505404184, 1.2262293921723644, 0.33207509096461485, 0.2239516500350911, 0.37252634261681994, -0.12541659617024881, -0.06037483158407958]
NN: [0.47971353, 1.3290529, 0.2023506, 0.25458515, 0.20066455, -0.18785378, 0.066510402]
ILQG: [0.39993578592571088, 1.2268646477692358, 0.33117080480386551, 0.22294760365799471, 0.37256549976789444, -0.12516997913500527, -0.05912951952324863]
NN: [0.47971353, 1.3290529, 0.2023506, 0.25458515, 0.20066455, -0.18785378, 0.066510402]
ILQG: [0.4001189723531684, 1.2274967915144654, 0.3302709854656618, 0.2219479117637011, 0.37260470697533421, -0.12492486066739927, -0.057889617744122546]
NN: [0.47971353, 1.3290529, 0.2023506, 0.25458515, 0.20066455, -0.18785378, 0.066510402]
ILQG: [0.40029966740566492, 1.2281290003260188, 0.32937261456437561, 0.22094980374483608, 0.37264504167187695, -0.12468061260176699, -0.056650459629970895]
NN: [0.47971353, 1.3290529, 0.2023506, 0.25458515, 0.20066455, -0.18785378, 0.066510402]
ILQG: [0.40047728006039485, 1.2287660739708888, 0.32847251063570582, 0.21995178117841618, 0.372687261806667, -0.12443561330175434, -0.055404591859372132]
NN: [0.47971353, 1.3290529, 0.2023506, 0.25458515, 0.20066455, -0.18785378, 0.066510402]
ILQG: [0.40065110471791709, 1.2294149529842917, 0.3275648350181477, 0.21894904757567657, 0.37272983950217675, -0.12418561237842007, -0.054136498817064782]
NN: [0.47971353, 1.3290529, 0.2023506, 0.25458515, 0.20066455, -0.18785378, 0.066510402]
ILQG: [0.400822198863513, 1.2300842949973545, 0.32663675790411517, 0.21792334043754602, 0.37276772147535642, -0.1239231914175235, -0.052818092151478813]
NN: [0.47971353, 1.3290529, 0.2023506, 0.25458515, 0.20066455, -0.18785378, 0.066510402]
ILQG: [0.4009950530068549, 1.2307828549453008, 0.32566733827697814, 0.2168361509887311, 0.37279587822856186, -0.12364143667517191, -0.051414420651367421]
NN: [0.47971353, 1.3290529, 0.2023506, 0.25458515, 0.20066455, -0.18785378, 0.066510402]
ILQG: [0.40117455971525318, 1.2315184882990622, 0.32463875003814979, 0.21564592813435102, 0.37282001917072005, -0.12334258922932206, -0.049907185205342819]
NN: [0.47971353, 1.3290529, 0.2023506, 0.25458515, 0.20066455, -0.18785378, 0.066510402]
ILQG: [0.40135410211583911, 1.232301991412827, 0.32356217892955641, 0.21436165587532763, 0.37286651456945741, -0.12304364065482287, -0.048321962507945959]
NN: [0.47971353, 1.3290529, 0.2023506, 0.25458515, 0.20066455, -0.18785378, 0.066510402]
ILQG: [0.40150057579210996, 1.2331579744890193, 0.32249470070943964, 0.21309267949529609, 0.37296905088838539, -0.12276145604979272, -0.046709558566606024]
NN: [0.47971353, 1.3290529, 0.2023506, 0.25458515, 0.20066455, -0.18785378, 0.066510402]
ILQG: [0.40155972449407273, 1.2341332045704119, 0.32149668293694345, 0.21198303739757307, 0.37311489647713714, -0.12247038293744228, -0.045035006674451428]
NN: [0.47971353, 1.3290529, 0.2023506, 0.25458515, 0.20066455, -0.18785378, 0.066510402]
ILQG: [0.4015069692668265, 1.2352749617731364, 0.32051150964390818, 0.21095073066122527, 0.37318781143316393, -0.1220741022571783, -0.043047349207831154]
NN: [0.47944993, 1.3299158, 0.20165274, 0.25411341, 0.20028134, -0.18827944, 0.067475088]
ILQG: [0.40154764357675488, 1.2359695339862604, 0.31803170496483268, 0.20995953621306729, 0.37051181854676951, -0.12238215447174305, -0.040766985103096731]
NN: [0.47972739, 1.3290232, 0.20237976, 0.25460136, 0.20066762, -0.1878655, 0.066491313]
ILQG: [0.40139575357658819, 1.2376975241887733, 0.31772437076861548, 0.20681032877683592, 0.37280236446781156, -0.12093609991494259, -0.037617214666133825]
NN: [0.47972763, 1.3290225, 0.20238033, 0.25460178, 0.20066789, -0.18786521, 0.066490576]
ILQG: [0.40154111048369057, 1.2382254087549869, 0.3164962933025397, 0.20425065788244101, 0.37299178339765326, -0.12108876632681531, -0.036693416936717238]
NN: [0.47972763, 1.3290225, 0.20238033, 0.25460178, 0.20066789, -0.18786521, 0.066490576]
ILQG: [0.40144172501442998, 1.2375999304524334, 0.31733954489811045, 0.20533078384645576, 0.37408617787758036, -0.1223293411154206, -0.040173320587788663]
NN: [0.47972763, 1.3290225, 0.20238033, 0.25460178, 0.20066789, -0.18786521, 0.066490576]
ILQG: [0.40115766282013543, 1.2356499380674539, 0.32060698915284536, 0.21160929911690829, 0.37466505446001186, -0.12338691508903921, -0.046240467698687449]
NN: [0.47972763, 1.3290225, 0.20238033, 0.25460178, 0.20066789, -0.18786521, 0.066490576]
ILQG: [0.40192145933119416, 1.2327932913762498, 0.32257030947849996, 0.21567291375554065, 0.37235911479859674, -0.12237763572935512, -0.048212850968811782]
NN: [0.47972763, 1.3290225, 0.20238033, 0.25460178, 0.20066789, -0.18786521, 0.066490576]
ILQG: [0.40469873777187759, 1.2317261740604679, 0.32130056770361159, 0.20692536917995508, 0.36811419885062602, -0.12131189225587269, -0.044331296874729476]
NN: [0.47972763, 1.3290225, 0.20238033, 0.25460178, 0.20066789, -0.18786521, 0.066490576]
ILQG: [0.40558996255504765, 1.2350265850893345, 0.31901067429799124, 0.20212395787376147, 0.37146106930759748, -0.11942498875773422, -0.04070465616570304]
NN: [0.47972763, 1.3290225, 0.20238033, 0.25460178, 0.20066789, -0.18786521, 0.066490576]
ILQG: [0.40450041123259117, 1.2372454573948342, 0.31842004750144581, 0.20269169512919438, 0.37320931911721189, -0.12015877809869036, -0.040089410164176664]
NN: [0.47972763, 1.3290225, 0.20238033, 0.25460178, 0.20066789, -0.18786521, 0.066490576]
ILQG: [0.4030700877195974, 1.237830371903625, 0.3158311911039402, 0.2057986788966244, 0.37335478338447192, -0.12101678113436676, -0.037877811866923239]
NN: [0.47972763, 1.3290225, 0.20238033, 0.25460178, 0.20066789, -0.18786521, 0.066490576]
ILQG: [0.40317975048974919, 1.2382612642481501, 0.31520446173591665, 0.20514926283212187, 0.37338606332491597, -0.12085745922185143, -0.037029149558148566]
NN: [0.47972763, 1.3290225, 0.20238033, 0.25460178, 0.20066789, -0.18786521, 0.066490576]
ILQG: [0.40329661830319097, 1.2386868652195799, 0.31460170762657547, 0.20448268157945115, 0.37341235616800983, -0.12069449372115848, -0.036204930131593427]
NN: [0.47972763, 1.3290225, 0.20238033, 0.25460178, 0.20066789, -0.18786521, 0.066490576]
ILQG: [0.40341176778714738, 1.2391054278440092, 0.31400697577130776, 0.20382577255707579, 0.37343898240076179, -0.12053461977639035, -0.035391088576945562]
NN: [0.47972763, 1.3290225, 0.20238033, 0.25460178, 0.20066789, -0.18786521, 0.066490576]
ILQG: [0.40352514001833462, 1.2395184901712233, 0.31342008243298225, 0.20317763698411806, 0.3734653017746643, -0.12037690510268617, -0.034587998715684465]
NN: [0.47972763, 1.3290225, 0.20238033, 0.25460178, 0.20066789, -0.18786521, 0.066490576]
ILQG: [0.40363681224988701, 1.2399264516697053, 0.31284049609126896, 0.20253770422759487, 0.37349134807385909, -0.12022119057352043, -0.033794858638643455]
NN: [0.47972763, 1.3290225, 0.20238033, 0.25460178, 0.20066789, -0.18786521, 0.066490576]
ILQG: [0.40374686505694357, 1.2403298345703964, 0.31226755981017895, 0.20190528391776796, 0.37351713997615477, -0.12006724743757258, -0.033010588266784324]
NN: [0.47972763, 1.3290225, 0.20238033, 0.25460178, 0.20066789, -0.18786521, 0.066490576]
ILQG: [0.4038554020813736, 1.2407293291001937, 0.31170038364049391, 0.20127938375466092, 0.37354264275569626, -0.11991473121079788, -0.032233638855764468]
NN: [0.47972763, 1.3290225, 0.20238033, 0.25460178, 0.20066789, -0.18786521, 0.066490576]
ILQG: [0.40396256402939668, 1.2411259263277579, 0.31113779226013039, 0.20065848332207148, 0.3735677719627164, -0.11976318107454498, -0.031461828013395254]
NN: [0.47972763, 1.3290225, 0.20238033, 0.25460178, 0.20066789, -0.18786521, 0.066490576]
ILQG: [0.40406874514176772, 1.2415202970818529, 0.31057785089469814, 0.20004040431906533, 0.37359245258123952, -0.11961182257814107, -0.030691796038097463]
NN: [0.47972763, 1.3290225, 0.20238033, 0.25460178, 0.20066789, -0.18786521, 0.066490576]
ILQG: [0.404177975025797, 1.2419178777488058, 0.31001256870880578, 0.1994167847813042, 0.37361788376562988, -0.11946028375024997, -0.02991985443667694]
NN: [0.47972763, 1.3290225, 0.20238033, 0.25460178, 0.20066789, -0.18786521, 0.066490576]
ILQG: [0.4042853348237303, 1.2423084901700134, 0.30945710121266945, 0.19880411159714484, 0.37364288012604785, -0.11931142947234641, -0.029161579039326979]
NN: [0.47972763, 1.3290225, 0.20238033, 0.25460178, 0.20066789, -0.18786521, 0.066490576]
ILQG: [0.40439083936193931, 1.2426919337349389, 0.30891170464787354, 0.19820266826648636, 0.37366741940028536, -0.11916532457273343, -0.028417361245450634]
NN: [0.47972763, 1.3290225, 0.20238033, 0.25460178, 0.20066789, -0.18786521, 0.066490576]
ILQG: [0.40449449157227346, 1.2430678843365326, 0.30837679907348847, 0.19761291169200135, 0.37369146615430182, -0.11902207700069389, -0.027687828474742604]
NN: [0.47972763, 1.3290225, 0.20238033, 0.25460178, 0.20066789, -0.18786521, 0.066490576]
ILQG: [0.40459627760503647, 1.2434358499575626, 0.30785303015413046, 0.19703553438435017, 0.37371497304872126, -0.11888185864547207, -0.026973939255759138]
NN: [0.47972763, 1.3290225, 0.20238033, 0.25460178, 0.20066789, -0.18786521, 0.066490576]
ILQG: [0.40469615380877877, 1.2437951116231043, 0.30734136652737276, 0.19647157635213608, 0.37373788744867475, -0.11874493695964827, -0.026277128148071316]
NN: [0.47972763, 1.3290225, 0.20238033, 0.25460178, 0.20066789, -0.18786521, 0.066490576]
ILQG: [0.40479402102486239, 1.2441446470830919, 0.30684324142165753, 0.19592260337634304, 0.37376015428828335, -0.11861171215644195, -0.025599498992428638]
NN: [0.47972763, 1.3290225, 0.20238033, 0.25460178, 0.20066789, -0.18786521, 0.066490576]
ILQG: [0.40488969091427385, 1.2444830283586268, 0.30636072692412153, 0.1953909235712179, 0.37378169437895714, -0.11848274967324501, -0.024944044356784489]
NN: [0.47972763, 1.3290225, 0.20238033, 0.25460178, 0.20066789, -0.18786521, 0.066490576]
ILQG: [0.40498286467881162, 1.244808267335888, 0.3058967115906579, 0.19487976066606327, 0.37380234476708907, -0.11835881173739449, -0.024314891071819111]
NN: [0.47972763, 1.3290225, 0.20238033, 0.25460178, 0.20066789, -0.18786521, 0.066490576]
ILQG: [0.40507314817336715, 1.245117560594724, 0.30545508292188339, 0.19439333916632506, 0.37382179655448944, -0.11824093798071988, -0.023717693316746113]
NN: [0.47972763, 1.3290225, 0.20238033, 0.25460178, 0.20066789, -0.18786521, 0.066490576]
ILQG: [0.40516009084103133, 1.2454068770803806, 0.30504103344729572, 0.19393707008135541, 0.3738396398387156, -0.11813067951435674, -0.023160491417476281]
NN: [0.47972763, 1.3290225, 0.20238033, 0.25460178, 0.20066789, -0.18786521, 0.066490576]
ILQG: [0.4052431496874469, 1.2456703704741878, 0.30466176889389973, 0.19351841069701647, 0.373855640956541, -0.11803058113720222, -0.022655448555678692]
NN: [0.47972763, 1.3290225, 0.20238033, 0.25460178, 0.20066789, -0.18786521, 0.066490576]
ILQG: [0.40532144794980862, 1.2458996687141541, 0.30432792892161653, 0.19314913460803451, 0.37387018236550862, -0.11794478659858387, -0.022221393935460132]
NN: [0.47972763, 1.3290225, 0.20238033, 0.25460178, 0.20066789, -0.18786521, 0.066490576]
ILQG: [0.40539362998767681, 1.2460820321444686, 0.30405436212843906, 0.1928482950347874, 0.3738842486426881, -0.11787913350279755, -0.02188624573007969]
NN: [0.47972763, 1.3290225, 0.20238033, 0.25460178, 0.20066789, -0.18786521, 0.066490576]
ILQG: [0.40545507024480032, 1.2462081188929122, 0.30386650907104973, 0.19264436983407629, 0.37389879352943201, -0.11784381909594943, -0.02169453343406208]
NN: [0.47972763, 1.3290225, 0.20238033, 0.25460178, 0.20066789, -0.18786521, 0.066490576]
ILQG: [0.40545495689505784, 1.2462067403497807, 0.30386832555966103, 0.19264640457739191, 0.37389869347633198, -0.11784432485839802, -0.021697274563268421]
NN: [0.47972763, 1.3290225, 0.20238033, 0.25460178, 0.20066789, -0.18786521, 0.066490576]
ILQG: [0.40545479395731965, 1.2462048736529994, 0.30387080615353379, 0.19264919275092129, 0.37389855842519637, -0.11784501088063704, -0.021700999704655888]
NN: [0.47972763, 1.3290225, 0.20238033, 0.25460178, 0.20066789, -0.18786521, 0.066490576]
ILQG: [0.40545456348445907, 1.2462023468529022, 0.3038741788565511, 0.19265298585879664, 0.37389836220849304, -0.11784593163081336, -0.021706033129227809]
NN: [0.47972763, 1.3290225, 0.20238033, 0.25460178, 0.20066789, -0.18786521, 0.066490576]
ILQG: [0.40545425145310632, 1.2461989194554901, 0.30387873395712917, 0.19265807619270658, 0.37389806870420728, -0.1178471653344606, -0.021712811489402628]
NN: [0.47972763, 1.3290225, 0.20238033, 0.25460178, 0.20066789, -0.18786521, 0.066490576]
ILQG: [0.40545384480772384, 1.2461942519603244, 0.30388487089347627, 0.19266485131330535, 0.37389765809349917, -0.11784884742256452, -0.021721992075686869]
NN: [0.47972763, 1.3290225, 0.20238033, 0.25460178, 0.20066789, -0.18786521, 0.066490576]
ILQG: [0.40545330461674678, 1.2461878761218979, 0.30389320256287755, 0.19267397202788628, 0.37389716595740552, -0.1178512117805397, -0.021734621714444124]
NN: [0.47972763, 1.3290225, 0.20238033, 0.25460178, 0.20066789, -0.18786521, 0.066490576]
ILQG: [0.40545251639609714, 1.2461791751419959, 0.30390468536041215, 0.19268663880050063, 0.37389668009763799, -0.11785459447511271, -0.021752260196128637]
NN: [0.47972763, 1.3290225, 0.20238033, 0.25460178, 0.20066789, -0.18786521, 0.066490576]
ILQG: [0.40545126866210568, 1.246167360054383, 0.30392064261337048, 0.19270468235707394, 0.37389621314696431, -0.1178593477432619, -0.021776873285214382]
NN: [0.47972763, 1.3290225, 0.20238033, 0.25460178, 0.20066789, -0.18786521, 0.066490576]
ILQG: [0.40544936243044494, 1.246151377333963, 0.30394251425495877, 0.19273006091783706, 0.37389545693206205, -0.1178657028002007, -0.021810468885125611]
NN: [0.47972763, 1.3290225, 0.20238033, 0.25460178, 0.20066789, -0.18786521, 0.066490576]
ILQG: [0.40544690568959108, 1.2461296461687279, 0.30397140870488348, 0.19276375433333692, 0.37389368682242363, -0.11787382667693569, -0.021855024944013923]
NN: [0.47972763, 1.3290225, 0.20238033, 0.25460178, 0.20066789, -0.18786521, 0.066490576]
ILQG: [0.40544458921055959, 1.2460996017977055, 0.30400814076427607, 0.19280536718947072, 0.37389034238571739, -0.11788445582181339, -0.021913944946862107]
NN: [0.47972763, 1.3290225, 0.20238033, 0.25460178, 0.20066789, -0.18786521, 0.066490576]
ILQG: [0.40544336885795484, 1.2460572870329607, 0.30405492512440291, 0.19285619759078054, 0.37388650816520919, -0.11790011681297663, -0.021995882952201729]
NN: [0.47972763, 1.3290225, 0.20238033, 0.25460178, 0.20066789, -0.18786521, 0.066490576]
ILQG: [0.40544305028670502, 1.2459975414794724, 0.30411891379821587, 0.19292724348871415, 0.37388603154163391, -0.11792569937581288, -0.022118677612476378]
NN: [0.47972763, 1.3290225, 0.20238033, 0.25460178, 0.20066789, -0.18786521, 0.066490576]
ILQG: [0.40544071672503645, 1.2459151418908583, 0.30421390340229615, 0.19304579336999605, 0.37389283951503849, -0.11796570389940453, -0.022305644673300207]
NN: [0.47972763, 1.3290225, 0.20238033, 0.25460178, 0.20066789, -0.18786521, 0.066490576]
ILQG: [0.40543277649837584, 1.245805858871214, 0.30435167970989441, 0.19324189432810002, 0.37390168957656567, -0.11801680423871697, -0.022565535201824916]
NN: [0.47972763, 1.3290225, 0.20238033, 0.25460178, 0.20066789, -0.18786521, 0.066490576]
ILQG: [0.4054248909442606, 1.2456643774143499, 0.30451853428586961, 0.19349878088956496, 0.37388884839874503, -0.11806230068893631, -0.022865218469908799]
NN: [0.47972763, 1.3290225, 0.20238033, 0.25460178, 0.20066789, -0.18786521, 0.066490576]
ILQG: [0.40544505689400334, 1.245476163261888, 0.30465804334300195, 0.19370000333233417, 0.37382522168036569, -0.11808664084419185, -0.023144165434331065]
NN: [0.47972763, 1.3290225, 0.20238033, 0.25460178, 0.20066789, -0.18786521, 0.066490576]
ILQG: [0.40553545261098933, 1.2452041603062469, 0.3047229719656972, 0.19370097480486992, 0.37373822839597537, -0.11812811043217608, -0.023452150182820319]
NN: [0.47972763, 1.3290225, 0.20238033, 0.25460178, 0.20066789, -0.18786521, 0.066490576]
ILQG: [0.40568243261566717, 1.2447810677610276, 0.30487237145464885, 0.19372245007888456, 0.37380016947344785, -0.1183437481621038, -0.024226103332079252]
NN: [0.47972763, 1.3290225, 0.20238033, 0.25460178, 0.20066789, -0.18786521, 0.066490576]
ILQG: [0.40569892765734838, 1.2441395617993651, 0.30569441131735031, 0.19494215451693364, 0.37423521302040186, -0.11890852979026645, -0.026292373090396504]
NN: [0.47972763, 1.3290225, 0.20238033, 0.25460178, 0.20066789, -0.18786521, 0.066490576]
ILQG: [0.40534381544198061, 1.2432684969825321, 0.30772298964213518, 0.1987767469576025, 0.37467279004999998, -0.11948641591166331, -0.029533241914646013]
NN: [0.47972763, 1.3290225, 0.20238033, 0.25460178, 0.20066789, -0.18786521, 0.066490576]
ILQG: [0.40506889643064969, 1.2420931030687967, 0.30970364089826519, 0.20305394022664425, 0.37352966243565167, -0.11885741418263707, -0.030824087724078353]
NN: [0.47972763, 1.3290225, 0.20238033, 0.25460178, 0.20066789, -0.18786521, 0.066490576]
ILQG: [0.40617928447255403, 1.2404232040770991, 0.30784888000280408, 0.19969816872238511, 0.36982631127469823, -0.11691310358770457, -0.027940870248188976]
NN: [0.47972763, 1.3290225, 0.20238033, 0.25460178, 0.20066789, -0.18786521, 0.066490576]
ILQG: [0.41095915467147304, 1.2392337876978246, 0.30546475321705091, 0.18371380342370269, 0.36652186249322227, -0.11648317043532463, -0.022588238944010075]
NN: [0.47972763, 1.3290225, 0.20238033, 0.25460178, 0.20066789, -0.18786521, 0.066490576]
ILQG: [0.40616373948473528, 1.2478870906367066, 0.30721064243757135, 0.18926112443362353, 0.37107340354653751, -0.11831799812819699, -0.024355119934115932]
NN: [0.47972763, 1.3290225, 0.20238033, 0.25460178, 0.20066789, -0.18786521, 0.066490576]
ILQG: [0.40543893611383175, 1.2471091055876227, 0.30319903523913561, 0.19164462084695932, 0.37415413343039283, -0.11767145924205891, -0.020246934439764053]
NN: [0.47972763, 1.3290225, 0.20238033, 0.25460178, 0.20066789, -0.18786521, 0.066490576]
ILQG: [0.4054252752547558, 1.2470934988393509, 0.30320076701773124, 0.1917005407704, 0.37417327871198403, -0.11767924541743979, -0.020257032683665299]
NN: [0.47972763, 1.3290225, 0.20238033, 0.25460178, 0.20066789, -0.18786521, 0.066490576]
ILQG: [0.40542320330887827, 1.2470720660894894, 0.30323011730030003, 0.19173288820509837, 0.37417145415232955, -0.1176872329084202, -0.020300667413153728]
NN: [0.47972763, 1.3290225, 0.20238033, 0.25460178, 0.20066789, -0.18786521, 0.066490576]
ILQG: [0.40542049272436098, 1.2470421047803799, 0.30327000997757336, 0.19177717867764965, 0.3741691649166885, -0.11769818202769411, -0.020360044574017855]
NN: [0.47972763, 1.3290225, 0.20238033, 0.25460178, 0.20066789, -0.18786521, 0.066490576]
ILQG: [0.40541675315176251, 1.2470013297942275, 0.30332438737014278, 0.19183741957155842, 0.37416611949292644, -0.1177131697758651, -0.02044099901776314]
NN: [0.47972763, 1.3290225, 0.20238033, 0.25460178, 0.20066789, -0.18786521, 0.066490576]
ILQG: [0.40541150648398938, 1.2469458775721538, 0.30339865014580703, 0.19191969502625339, 0.37416215663918173, -0.1177337427375531, -0.020551591121464985]
NN: [0.47972763, 1.3290225, 0.20238033, 0.25460178, 0.20066789, -0.18786521, 0.066490576]
ILQG: [0.40540404249825013, 1.2468705605849753, 0.30350011784699205, 0.19203238673885359, 0.37415695814482675, -0.11776191315562234, -0.020702618761583247]
NN: [0.47972763, 1.3290225, 0.20238033, 0.25460178, 0.20066789, -0.18786521, 0.066490576]
ILQG: [0.4053934802203023, 1.2467683574468924, 0.30363831935700936, 0.19218627364701435, 0.3741498223084756, -0.11780022738743656, -0.02090819621852863]
NN: [0.47972763, 1.3290225, 0.20238033, 0.25460178, 0.20066789, -0.18786521, 0.066490576]
ILQG: [0.40537897540668988, 1.2466295988819691, 0.30382529784459766, 0.19239437475118315, 0.37413961576918986, -0.11785211040682708, -0.021187029470688235]
NN: [0.47972763, 1.3290225, 0.20238033, 0.25460178, 0.20066789, -0.18786521, 0.066490576]
ILQG: [0.40535988034995296, 1.2464408213184019, 0.3040765498027107, 0.19267282050411616, 0.37412535059604046, -0.11792281231761137, -0.021565524128364322]
NN: [0.47972763, 1.3290225, 0.20238033, 0.25460178, 0.20066789, -0.18786521, 0.066490576]
ILQG: [0.40533541623384473, 1.2461835294950006, 0.30441339172498116, 0.1930449355281918, 0.37410747545316525, -0.11802086684599156, -0.022083192037094912]
NN: [0.47972763, 1.3290225, 0.20238033, 0.25460178, 0.20066789, -0.18786521, 0.066490576]
ILQG: [0.40530366476286517, 1.2458333671653377, 0.30486630813394977, 0.19354891785200268, 0.37408871038408265, -0.11815890527892547, -0.022797927585307909]
NN: [0.47972763, 1.3290225, 0.20238033, 0.25460178, 0.20066789, -0.18786521, 0.066490576]
ILQG: [0.4052609954106654, 1.245359950382861, 0.30547565852307224, 0.1942430674497797, 0.37407186689815308, -0.11835177905897121, -0.023784854305664516]
NN: [0.47972763, 1.3290225, 0.20238033, 0.25460178, 0.20066789, -0.18786521, 0.066490576]
ILQG: [0.40520496440592568, 1.2447265334693107, 0.30628333515403505, 0.19519509419080094, 0.37405321098218014, -0.1186113227374509, -0.025123184638723706]
NN: [0.47972763, 1.3290225, 0.20238033, 0.25460178, 0.20066789, -0.18786521, 0.066490576]
ILQG: [0.40514357126338041, 1.2438877436323716, 0.30731269114845805, 0.19644670137741649, 0.37401629055687735, -0.11894219919645255, -0.026877672262013153]
NN: [0.47972763, 1.3290225, 0.20238033, 0.25460178, 0.20066789, -0.18786521, 0.066490576]
ILQG: [0.40510773953079449, 1.2427861326091811, 0.3085485906447234, 0.19797482845235104, 0.37393975881520358, -0.11934821124716199, -0.029099584691155811]
NN: [0.47972763, 1.3290225, 0.20238033, 0.25460178, 0.20066789, -0.18786521, 0.066490576]
ILQG: [0.40515311661193176, 1.2413581897409933, 0.30994302030051157, 0.19970977547690172, 0.373829298216247, -0.11985100453169784, -0.031863926165385803]
NN: [0.47972763, 1.3290225, 0.20238033, 0.25460178, 0.20066789, -0.18786521, 0.066490576]
ILQG: [0.40533503306956953, 1.2395764076363487, 0.31144859338208009, 0.20164329719599561, 0.37375152298343828, -0.12049255576077389, -0.035278101480695323]
NN: [0.47972763, 1.3290225, 0.20238033, 0.25460178, 0.20066789, -0.18786521, 0.066490576]
ILQG: [0.40566621593549934, 1.237561981561133, 0.31299419932507533, 0.20388125088290998, 0.37380078915569825, -0.12125857817361074, -0.039259281439346205]
NN: [0.47972763, 1.3290225, 0.20238033, 0.25460178, 0.20066789, -0.18786521, 0.066490576]
ILQG: [0.40611299722068672, 1.23577071227488, 0.3142376801095168, 0.20626025707367823, 0.37395345218714304, -0.12190175126296265, -0.042898180331121027]
NN: [0.47972763, 1.3290225, 0.20238033, 0.25460178, 0.20066789, -0.18786521, 0.066490576]
ILQG: [0.40666312010257788, 1.2351425478632265, 0.31414718375886252, 0.20743594615963712, 0.3739809123164477, -0.12186168157016919, -0.043849011364766044]
NN: [0.47972763, 1.3290225, 0.20238033, 0.25460178, 0.20066789, -0.18786521, 0.066490576]
ILQG: [0.40730169595036925, 1.2369586350645441, 0.31117015528093206, 0.20482705546057911, 0.37380341675956785, -0.12065846923535395, -0.039198911412640258]
NN: [0.47972763, 1.3290225, 0.20238033, 0.25460178, 0.20066789, -0.18786521, 0.066490576]
ILQG: [0.40773497952849014, 1.2421624231921946, 0.30443066554663467, 0.19704649234299376, 0.37396243394937922, -0.11845616233386735, -0.028025108289271766]
NN: [0.47972763, 1.3290225, 0.20238033, 0.25460178, 0.20066789, -0.18786521, 0.066490576]
ILQG: [0.40685967439069359, 1.2524446286487168, 0.29527290547682972, 0.18565301220871078, 0.37497478790450955, -0.1159777192043272, -0.011943806824771704]
NN: [0.47972763, 1.3290225, 0.20238033, 0.25460178, 0.20066789, -0.18786521, 0.066490576]
ILQG: [0.39977438915272079, 1.2599925615349705, 0.29077305361527062, 0.17872371829093892, 0.37437962705537853, -0.11139496621442579, 0.011680656058030606]
NN: [0.47972763, 1.3290225, 0.20238033, 0.25460178, 0.20066789, -0.18786521, 0.066490576]
ILQG: [0.41690601043226216, 1.2898239985462134, 0.22149578904596368, 0.10659867287337299, 0.37792395952347313, -0.097012428653173832, 0.082897441571420205]
