this is the planTHIS IS THE NEW

{'ee': array([[ 0.37715251,  0.33442314, -0.17185768, ...,  0.51740322,
         0.30696476, -0.23950216],
       [ 0.376948  ,  0.34253866, -0.16820035, ...,  0.518543  ,
         0.31838236, -0.23428611],
       [ 0.37653221,  0.3506502 , -0.16451427, ...,  0.51937971,
         0.32982314, -0.22901872],
       ..., 
       [ 0.55001307,  0.50004399, -0.11726025, ...,  0.70000029,
         0.45000576, -0.11734725],
       [ 0.55001307,  0.50004399, -0.11726025, ...,  0.70000029,
         0.45000576, -0.11734725],
       [ 0.55001307,  0.50004399, -0.11726025, ...,  0.70000029,
         0.45000576, -0.11734725]]), 'flattened': array([-0.17286055, -0.16562086, -0.05459743, ...,  0.        ,
        0.        ,  0.        ]), 'ja': array([[ 1.10856816,  1.02385235,  1.28231799, ...,  3.02912139,
        -0.7576751 , -2.14136609],
       [ 1.11580165,  1.01914436,  1.26322002, ...,  3.02912139,
        -0.7576751 , -2.14136609],
       [ 1.12303515,  1.01443637,  1.24412205, ...,  3.02912139,
        -0.7576751 , -2.14136609],
       ..., 
       [ 0.96979045,  0.5631751 ,  1.07224031, ...,  2.74703394,
        -0.34407574, -3.61380185],
       [ 0.96979045,  0.5631751 ,  1.07224031, ...,  2.74703394,
        -0.34407574, -3.61380185],
       [ 0.96979045,  0.5631751 ,  1.07224031, ...,  2.74703394,
        -0.34407574, -3.61380185]]), 'offsets': array([[-0.17286055, -0.16562086, -0.05459743, ..., -0.18259707,
        -0.143041  , -0.12215491],
       [-0.17306507, -0.15750533, -0.05094009, ..., -0.18145729,
        -0.1316234 , -0.11693886],
       [-0.17348086, -0.1493938 , -0.04725401, ..., -0.18062058,
        -0.12018263, -0.11167147],
       ..., 
       [ 0.        ,  0.        ,  0.        , ...,  0.        ,
         0.        ,  0.        ],
       [ 0.        ,  0.        ,  0.        , ...,  0.        ,
         0.        ,  0.        ],
       [ 0.        ,  0.        ,  0.        , ...,  0.        ,
         0.        ,  0.        ]])}

THE OLD


{'ee': array([[ 0.55001307,  0.50004399, -0.11726025, ...,  0.70000029,
         0.45000576, -0.11734725],
       [ 0.54887829,  0.49949962, -0.11769821, ...,  0.69886323,
         0.44945977, -0.11842658],
       [ 0.5477406 ,  0.49895468, -0.11813058, ...,  0.69772284,
         0.44892011, -0.11949805],
       ..., 
       [ 0.37715251,  0.33442314, -0.17185768, ...,  0.51740322,
         0.30696476, -0.23950216],
       [ 0.37715251,  0.33442314, -0.17185768, ...,  0.51740322,
         0.30696476, -0.23950216],
       [ 0.37715251,  0.33442314, -0.17185768, ...,  0.51740322,
         0.30696476, -0.23950216]]), 'flattened': array([ 0.17286055,  0.16562086,  0.05459743, ...,  0.        ,
        0.        ,  0.        ]), 'ja': array([[ 0.96979045,  0.5631751 ,  1.07224031, ...,  2.74703394,
        -0.34407574, -3.61380185],
       [ 0.97131734,  0.56603447,  1.07224031, ...,  2.74900658,
        -0.34696805, -3.6035051 ],
       [ 0.97284424,  0.56889383,  1.07224031, ...,  2.75097922,
        -0.34986035, -3.59320835],
       ..., 
       [ 1.10856816,  1.02385235,  1.28231799, ...,  3.02912139,
        -0.7576751 , -2.14136609],
       [ 1.10856816,  1.02385235,  1.28231799, ...,  3.02912139,
        -0.7576751 , -2.14136609],
       [ 1.10856816,  1.02385235,  1.28231799, ...,  3.02912139,
        -0.7576751 , -2.14136609]]), 'offsets': array([[ 0.17286055,  0.16562086,  0.05459743, ...,  0.18259707,
         0.143041  ,  0.12215491],
       [ 0.17172578,  0.16507648,  0.05415947, ...,  0.18146001,
         0.14249501,  0.12107558],
       [ 0.17058809,  0.16453155,  0.0537271 , ...,  0.18031962,
         0.14195535,  0.12000411],
       ..., 
       [ 0.        ,  0.        ,  0.        , ...,  0.        ,
         0.        ,  0.        ],
       [ 0.        ,  0.        ,  0.        , ...,  0.        ,
         0.        ,  0.        ],
       [ 0.        ,  0.        ,  0.        , ...,  0.        ,
         0.        ,  0.        ]])}