[ 0.73246689  0.35722988  0.24787923  0.81841225  0.23605253  0.30200358
  0.87537408  0.31823521  0.30316892]
[ 0.7330395   0.35352557  0.24732053  0.81806264  0.23130922  0.30055799
  0.87518141  0.31333054  0.30371234]
[ 0.7335984   0.34982006  0.246736    0.81770743  0.22659157  0.29908494
  0.87495621  0.30842206  0.30421794]
[ 0.73414346  0.34611369  0.24612565  0.81734689  0.22189966  0.29758499
  0.87469857  0.30351074  0.30468544]
[ 0.73467458  0.34240682  0.24548946  0.81698134  0.21723355  0.29605874
  0.8744086   0.29859755  0.30511456]
[ 0.73502087  0.33993547  0.24505099  0.81673498  0.21413718  0.29502691
  0.8741974   0.29532154  0.30537918]
[ 0.73536087  0.33746417  0.24460104  0.8164866   0.21105231  0.2939838
  0.87397193  0.29204542  0.30562654]
[ 0.73569457  0.33499303  0.24413962  0.81623628  0.20797897  0.29292958
  0.87373225  0.28876948  0.30585658]
[ 0.73602193  0.33252214  0.24366672  0.8159841   0.20491715  0.29186441
  0.8734784   0.285494    0.30606923]
[ 0.73634292  0.33005162  0.24318236  0.81573012  0.20186687  0.29078846
  0.87321044  0.28221927  0.30626441]
[ 0.73665751  0.32758158  0.24268653  0.81547443  0.19882814  0.28970189
  0.87292844  0.27894557  0.30644209]
[ 0.73711734  0.32387764  0.24192131  0.81508785  0.19429169  0.28805244
  0.87247925  0.27403756  0.30667562]
[ 0.7375626   0.32017536  0.24113033  0.81469781  0.18978123  0.28637997
  0.87199882  0.26913347  0.30686943]
[ 0.73799322  0.31647513  0.24031363  0.81430456  0.18529677  0.28468499
  0.87148742  0.26423421  0.30702334]
[ 0.73840909  0.31277729  0.23947123  0.81390832  0.1808383   0.28296799
  0.87094531  0.25934072  0.30713721]
[ 0.7386781   0.31031358  0.23889538  0.8136426   0.17788041  0.28181135
  0.87056698  0.25608206  0.30719081]
[ 0.7389405   0.3078512   0.23830813  0.81337572  0.17493407  0.28064528
  0.87017523  0.25282665  0.30722652]
[ 0.73919625  0.30539027  0.2377095   0.81310772  0.17199926  0.27946994
  0.86977013  0.24957474  0.30724431]
[ 0.73944534  0.30293089  0.2370995   0.81283866  0.16907598  0.27828547
  0.86935179  0.24632662  0.30724414]
[ 0.73968773  0.30047317  0.23647815  0.81256861  0.16616422  0.27709199
  0.86892031  0.24308255  0.30722599]
[ 0.7399234   0.29801721  0.23584546  0.81229762  0.16326398  0.27588965
  0.86847578  0.23984278  0.30718984]
[ 0.74026428  0.29433684  0.2348752   0.81188949  0.15893518  0.27406982
  0.86778478  0.23499176  0.30710181]
[ 0.74058991  0.29066105  0.23387952  0.81147955  0.15463223  0.27223078
  0.86706504  0.23015188  0.30697318]
[ 0.74090024  0.28699022  0.23285848  0.81106795  0.1503551   0.27037296
  0.86631695  0.22532399  0.3068039 ]
[ 0.74119519  0.2833247   0.23181214  0.81065486  0.14610375  0.2684968
  0.86554091  0.22050892  0.30659395]
[ 0.74147468  0.27966487  0.23074058  0.81024044  0.14187815  0.26660268
  0.86473733  0.21570748  0.30634331]
[ 0.74173867  0.27601108  0.22964387  0.80982483  0.13767825  0.26469101
  0.86390665  0.2109205   0.30605199]
[ 0.74198708  0.27236371  0.22852208  0.80940817  0.13350403  0.26276217
  0.8630493   0.20614875  0.30571999]
[ 0.74221985  0.26872312  0.2273753   0.8089906   0.12935543  0.26081654
  0.86216573  0.201393    0.30534736]
[ 0.74244475  0.26593402  0.22637418  0.80865418  0.12619874  0.25939482
  0.86153218  0.19780393  0.30496472]
[ 0.74265939  0.26314759  0.22536124  0.80831596  0.1230544   0.25796669
  0.8608834   0.19422628  0.30456311]
[ 0.74286376  0.26036396  0.22433653  0.80797598  0.11992239  0.25653222
  0.86021963  0.19066033  0.30414257]
[ 0.74305782  0.25758326  0.22330006  0.80763433  0.11680266  0.25509153
  0.85954109  0.18710631  0.3037031 ]
[ 0.74324155  0.25480561  0.22225188  0.80729106  0.11369519  0.25364468
  0.85884801  0.18356446  0.30324473]
[ 0.74345663  0.25133806  0.22092522  0.8068598   0.10982806  0.2518276
  0.85796161  0.17915463  0.30264524]
[ 0.74365548  0.24787575  0.21958037  0.80642623  0.10598     0.25000121
  0.85705335  0.17476462  0.30201631]
[ 0.74383803  0.24441893  0.2182174   0.80599047  0.10215096  0.24816565
  0.85612372  0.17039486  0.30135801]
[ 0.74400426  0.24096787  0.21683637  0.80555263  0.0983409   0.24632106
  0.85517319  0.16604576  0.30067041]
[ 0.74412545  0.23821133  0.2157186   0.80520093  0.0953065   0.24483897
  0.85439806  0.16258162  0.30009927]
[ 0.74423613  0.23545876  0.21458936  0.80484802  0.0922842   0.24335125
  0.85361012  0.15913114  0.29950946]
[ 0.74433629  0.2327103   0.21344869  0.80449394  0.089274    0.24185795
  0.85280963  0.1556945   0.29890102]
[ 0.74442591  0.22996607  0.21229663  0.80413876  0.08627588  0.24035913
  0.85199684  0.15227188  0.298274  ]
[ 0.74450496  0.22722621  0.21113322  0.80378252  0.08328982  0.23885485
  0.85117201  0.14886346  0.29762842]
[ 0.7445889   0.22380772  0.20966307  0.80333579  0.07957421  0.23696687
  0.85012443  0.14462314  0.29679545]
[ 0.74465627  0.2203965   0.20817533  0.80288758  0.07587743  0.2350705
  0.84905894  0.14040555  0.29593368]
[ 0.74470704  0.21699282  0.20667009  0.80243795  0.07219946  0.23316582
  0.84797604  0.13621097  0.29504319]
[ 0.74474118  0.21359693  0.20514745  0.80198701  0.06854031  0.2312529
  0.84687624  0.13203968  0.2941241 ]
[ 0.74475469  0.21133745  0.20412273  0.80168568  0.06611134  0.22997306
  0.8461339   0.12927187  0.29349552]
[ 0.74476079  0.20908162  0.20309034  0.80138383  0.06369073  0.22868961
  0.84538443  0.12651459  0.29285432]
[ 0.74475948  0.20682951  0.20205031  0.80108147  0.06127849  0.22740254
  0.84462796  0.12376791  0.29220051]
[ 0.74475074  0.20458119  0.20100266  0.80077864  0.05887463  0.22611188
  0.84386466  0.12103189  0.29153413]
[ 0.74473458  0.20233675  0.19994743  0.80047534  0.05647915  0.22481763
  0.84309466  0.11830658  0.29085521]
[ 0.74471098  0.20009626  0.19888465  0.80017161  0.05409205  0.2235198
  0.84231813  0.11559204  0.29016379]
[ 0.74467284  0.19741297  0.19759937  0.79980659  0.05123862  0.22195768
  0.84137787  0.11234889  0.28931763]
[ 0.74462398  0.19473561  0.19630332  0.799441    0.04839729  0.22039043
  0.84042866  0.10912141  0.28845359]
[ 0.74456439  0.19206429  0.19499652  0.7990749   0.04556808  0.21881805
  0.83947076  0.10590968  0.28757171]
[ 0.74449407  0.18939915  0.19367905  0.7987083   0.04275102  0.21724054
  0.83850442  0.10271378  0.28667206]
