[ 0.73244847  0.35711905  0.24793223  0.81828364  0.23585558  0.30203854
  0.87531919  0.3179869   0.30321904]
[ 0.73312748  0.34744435  0.24989151  0.81448812  0.22405616  0.30606803
  0.87455478  0.30400514  0.30567103]
[ 0.73366833  0.33777193  0.25183542  0.8104784   0.21244106  0.31007962
  0.87350003  0.29005887  0.30814315]
[ 0.73407121  0.32810391  0.25376384  0.80626197  0.2010155   0.31407164
  0.87215535  0.27615703  0.31063467]
[ 0.73433636  0.31844239  0.25567667  0.80184656  0.18978439  0.31804247
  0.87052154  0.2623086   0.31314486]
[ 0.73446404  0.30878948  0.25757381  0.79724004  0.17875232  0.32199051
  0.86859974  0.24852252  0.31567293]
[ 0.73445456  0.29914727  0.25945514  0.79245045  0.16792353  0.3259142
  0.86639145  0.23480774  0.31821807]
[ 0.73430823  0.28951784  0.26132057  0.78748599  0.15730192  0.32981201
  0.86389854  0.22117314  0.32077942]
[ 0.73402544  0.27990328  0.26317001  0.78235496  0.14689105  0.33368244
  0.86112325  0.20762755  0.3233561 ]
[ 0.73360659  0.27030566  0.26500334  0.77706581  0.13669412  0.33752404
  0.85806817  0.19417972  0.32594722]
[ 0.73305209  0.26072703  0.26682047  0.77162707  0.12671397  0.34133538
  0.85473625  0.18083833  0.32855184]
[ 0.73236243  0.25116946  0.26862132  0.76604735  0.1169531   0.34511508
  0.85113079  0.16761191  0.33116901]
[ 0.7315381   0.24163498  0.27040577  0.76033532  0.10741363  0.34886181
  0.84725545  0.15450891  0.33379774]
[ 0.730888    0.23279298  0.27150332  0.75510071  0.0988379   0.35193826
  0.8436099   0.14252428  0.3358876 ]
[ 0.73012433  0.22397075  0.27258972  0.74977362  0.09046596  0.35499347
  0.8397448   0.13066988  0.33799843]
[ 0.7292475   0.21516983  0.27366493  0.74436184  0.08229862  0.35802605
  0.83566478  0.1189521   0.34012928]
[ 0.72825793  0.20639178  0.27472891  0.73887317  0.07433635  0.36103466
  0.83137472  0.10737718  0.34227917]
[ 0.72715607  0.19763813  0.27578162  0.73331542  0.06657931  0.36401794
  0.82687972  0.09595113  0.34444709]
[ 0.7259424   0.18891042  0.27682302  0.72769637  0.05902732  0.36697457
  0.82218517  0.08467975  0.34663202]
[ 0.72461741  0.18021017  0.27785306  0.72202374  0.05167989  0.36990325
  0.81729664  0.07356862  0.34883291]
[ 0.72318161  0.1715389   0.27887171  0.71630525  0.04453621  0.3728027
  0.81221994  0.06262308  0.3510487 ]
[ 0.72163555  0.16289812  0.27987893  0.71054851  0.03759516  0.37567166
  0.80696111  0.05184822  0.35327832]
[ 0.71997978  0.15428931  0.28087469  0.70476109  0.0308553   0.37850889
  0.80152635  0.0412489   0.35552068]
[ 0.71821489  0.14571397  0.28185894  0.69895046  0.02431488  0.38131316
  0.79592208  0.03082969  0.35777465]
[ 0.71634147  0.13717357  0.28283165  0.69312396  0.01797184  0.38408329
  0.79015487  0.0205949   0.36003913]
[ 0.71494955  0.1284505   0.2824456   0.68782822  0.01209594  0.38601223
  0.78479055  0.01072891  0.36159016]
[ 0.71344556  0.11975532  0.28205432  0.68257073  0.00644004  0.38791458
  0.77931344  0.00109004  0.36317137]
[ 0.71182998  0.11108954  0.28165785  0.67736092  0.00099906  0.38978726
  0.77373413 -0.00831979  0.36477997]
[ 0.71010334  0.1024547   0.2812562   0.6722079  -0.00423257  0.39162722
  0.76806323 -0.01749925  0.36641311]
[ 0.70826617  0.09385231  0.2808494   0.66712048 -0.00926087  0.39343139
  0.7623114  -0.02644753  0.36806787]
[ 0.70665116  0.08670952  0.28050647  0.66293719 -0.01330044  0.39490532
  0.75746404 -0.03372764  0.36946119]
[ 0.70496013  0.07959118  0.28016     0.65881004 -0.01720725  0.39635051
  0.75257398 -0.04084719  0.37086569]
[ 0.70319342  0.07249813  0.27981     0.65474356 -0.02098545  0.3977652
  0.74764732 -0.0478066   0.37227957]
[ 0.70135138  0.06543125  0.27945647  0.65074206 -0.0246394   0.39914763
  0.7426901  -0.05460654  0.37370104]
[ 0.69943437  0.05839138  0.27909944  0.64680968 -0.02817363  0.40049606
  0.73770831 -0.06124798  0.37512823]
[ 0.69744279  0.05137937  0.27873891  0.64295034 -0.03159282  0.40180876
  0.73270788 -0.06773211  0.3765593 ]
[ 0.69707682  0.04820133  0.27739474  0.64205178 -0.03266567  0.40162345
  0.73132551 -0.07010156  0.37654843]
[ 0.6966925   0.04502483  0.27605059  0.641188   -0.03371717  0.40142582
  0.72996515 -0.07243313  0.37653222]
[ 0.69628983  0.04184999  0.27470648  0.64035931 -0.03474833  0.40121528
  0.72862763 -0.07472763  0.37650984]
[ 0.69586882  0.03867691  0.27336242  0.63956603 -0.03576016  0.40099125
  0.72731376 -0.07698588  0.37648049]
[ 0.69542949  0.03550571  0.27201843  0.63880845 -0.0367537   0.40075318
  0.72602429 -0.07920871  0.37644334]
[ 0.69504939  0.03286456  0.2708985   0.63820457 -0.03756841  0.40054364
  0.72496893 -0.08103463  0.37640582]
[ 0.69465659  0.03022487  0.26977863  0.63762578 -0.03837173  0.40032362
  0.72393144 -0.08283708  0.37636184]
[ 0.69425108  0.02758668  0.26865884  0.6370722  -0.03916427  0.4000928
  0.72291223 -0.08461657  0.37631091]
[ 0.69383289  0.02495008  0.26753913  0.63654393 -0.03994664  0.39985084
  0.72191168 -0.08637365  0.37625255]
[ 0.69340202  0.02231513  0.26641951  0.63604105 -0.04071945  0.39959744
  0.72093016 -0.08810886  0.37618628]
[ 0.69295847  0.01968189  0.26529999  0.63556365 -0.04148331  0.39933227
  0.71996802 -0.08982276  0.37611162]
[ 0.6925682   0.01742623  0.26434048  0.63517476 -0.04213139  0.39909538
  0.71915901 -0.09127528  0.37604058]
[ 0.69216864  0.01517192  0.26338106  0.63480466 -0.04277374  0.39884941
  0.71836468 -0.09271292  0.37596271]
[ 0.69175979  0.012919    0.26242173  0.63445336 -0.04341075  0.39859417
  0.71758522 -0.09413606  0.37587771]
[ 0.69134166  0.01066751  0.2614625   0.63412089 -0.04404281  0.39832945
  0.71682082 -0.09554506  0.37578529]
[ 0.69091425  0.00841749  0.26050336  0.63380725 -0.04467032  0.39805508
  0.71607166 -0.09694031  0.37568512]
[ 0.69047757  0.00616898  0.25954433  0.63351244 -0.04529366  0.39777085
  0.71533789 -0.09832218  0.37557691]
[ 0.69003163  0.00392202  0.25858541  0.63323645 -0.04591323  0.39747657
  0.71461968 -0.09969107  0.37546036]
[ 0.68939176  0.00077896  0.25724312  0.63288164 -0.04677504  0.39704735
  0.71364058 -0.10158644  0.3752826 ]
[ 0.68873378 -0.00236087  0.25590107  0.63256362 -0.04763132  0.39659755
  0.71269261 -0.10345822  0.37508705]
[ 0.68805769 -0.00549735  0.25455928  0.63228228 -0.04848314  0.39612667
  0.71177611 -0.10530751  0.3748729 ]
[ 0.68736354 -0.00863038  0.25321775  0.63203751 -0.04933157  0.39563419
  0.71089136 -0.10713542  0.37463932]
[ 0.68665133 -0.01175983  0.25187652  0.63182913 -0.05017772  0.39511964
  0.71003862 -0.10894309  0.37438549]
[ 0.68704766 -0.01331568  0.24949989  0.63324224 -0.05001371  0.39357706
  0.71134649 -0.10898151  0.37302161]
[ 0.68743073 -0.01487348  0.24712087  0.63467847 -0.04985998  0.39201098
  0.71268321 -0.10901564  0.37161812]
[ 0.68780055 -0.01643317  0.24473951  0.63613743 -0.04971698  0.39042105
  0.71404824 -0.10904631  0.37017421]
[ 0.68815709 -0.0179947   0.24235585  0.6376187  -0.04958518  0.38880691
  0.71544099 -0.10907438  0.36868906]
[ 0.68850035 -0.01955799  0.23996993  0.6391219  -0.04946506  0.38716822
  0.71686083 -0.10910066  0.36716188]
[ 0.68883031 -0.02112297  0.23758179  0.64064658 -0.04935705  0.38550462
  0.71830711 -0.10912599  0.36559189]
[ 0.68920871 -0.0230031   0.23471314  0.64250398 -0.04924409  0.38347496
  0.72007659 -0.10915631  0.36365033]
[ 0.68956793 -0.02488546  0.23184143  0.64439095 -0.04914999  0.38140838
  0.72188192 -0.1091879   0.36164477]
[ 0.68990797 -0.02676994  0.22896672  0.64630674 -0.04907552  0.37930432
  0.72372181 -0.10922218  0.35957397]
[ 0.6902288  -0.02865643  0.22608909  0.64825054 -0.04902142  0.37716223
  0.7255949  -0.10926058  0.35743676]
[ 0.69053041 -0.03054481  0.22320861  0.65022156 -0.04898842  0.37498156
  0.72749977 -0.10930452  0.355232  ]
[ 0.69081279 -0.03243497  0.22032534  0.65221895 -0.04897722  0.37276178
  0.72943496 -0.10935538  0.35295859]
[ 0.69107593 -0.03432678  0.21743936  0.65424189 -0.04898854  0.37050237
  0.73139892 -0.10941456  0.35061549]
[ 0.69131982 -0.03622015  0.21455074  0.65628951 -0.04902306  0.36820282
  0.73339008 -0.10948344  0.34820171]
[ 0.69154443 -0.03811494  0.21165955  0.65836093 -0.04908147  0.36586263
  0.7354068  -0.10956337  0.34571631]
[ 0.69174978 -0.04001106  0.20876586  0.66045527 -0.04916442  0.36348131
  0.73744737 -0.1096557   0.34315839]
[ 0.69190617 -0.04159208  0.20635259  0.6622174  -0.04925277  0.3614651
  0.73916482 -0.10974308  0.3409708 ]
[ 0.69204916 -0.04317386  0.20393768  0.66399427 -0.04935899  0.35941973
  0.7408966  -0.10984074  0.33873181]
[ 0.69217876 -0.04475635  0.20152117  0.66578535 -0.04948344  0.35734493
  0.74264164 -0.10994943  0.336441  ]
[ 0.69229495 -0.04633948  0.1991031   0.66759009 -0.04962648  0.35524042
  0.74439888 -0.11006989  0.33409797]
[ 0.69239773 -0.04792318  0.1966835   0.66940792 -0.04978847  0.35310597
  0.7461672  -0.11020285  0.33170234]
[ 0.69248711 -0.04950737  0.19426242  0.67123828 -0.04996974  0.35094131
  0.74794548 -0.11034901  0.32925377]
[ 0.69341791 -0.05048612  0.19017246  0.67479125 -0.04950548  0.34718229
  0.75180017 -0.10926104  0.32484622]
[ 0.69431976 -0.05146579  0.18607473  0.67835093 -0.04907397  0.34336197
  0.7556417  -0.10819386  0.32031908]
[ 0.69519262 -0.05244628  0.18196941  0.68191602 -0.04867552  0.33947977
  0.7594665  -0.10714887  0.31567242]
[ 0.69603643 -0.05342746  0.1778567   0.68548519 -0.04831044  0.33553513
  0.76327094 -0.10612744  0.31090644]
[ 0.69685115 -0.05440924  0.17373679  0.68905711 -0.04797904  0.33152749
  0.76705141 -0.10513089  0.30602148]
[ 0.69763675 -0.05539151  0.16960985  0.69263042 -0.04768161  0.32745627
  0.77080428 -0.1041605   0.30101799]
[ 0.69839317 -0.05637416  0.16547608  0.69620373 -0.04741842  0.32332094
  0.77452592 -0.10321751  0.29589657]
[ 0.69912038 -0.05735707  0.16133566  0.69977562 -0.04718978  0.31912095
  0.77821272 -0.10230311  0.29065796]
[ 0.69981835 -0.05834014  0.1571888   0.70334466 -0.04699595  0.31485577
  0.78186106 -0.10141845  0.28530301]
[ 0.70048703 -0.05932326  0.15303566  0.70690937 -0.0468372   0.31052487
  0.78546735 -0.10056463  0.27983272]
[ 0.7011264  -0.06030632  0.14887645  0.71046828 -0.04671381  0.30612775
  0.78902801 -0.0997427   0.27424821]
[ 0.70173641 -0.06128921  0.14471134  0.71401984 -0.04662604  0.30166391
  0.7925395  -0.09895366  0.26855071]
[ 0.70231705 -0.06227182  0.14054054  0.71756251 -0.04657416  0.29713288
  0.79599829 -0.09819846  0.26274161]
[ 0.70286826 -0.06325404  0.13636423  0.72109471 -0.04655841  0.29253418
  0.79940092 -0.097478    0.25682239]
[ 0.70339004 -0.06423576  0.13218261  0.72461481 -0.04657905  0.28786738
  0.80274393 -0.09679314  0.25079467]
[ 0.70380235 -0.0650534   0.12869399  0.72753781 -0.04662423  0.28392605
  0.80548179 -0.09625019  0.24568993]
[ 0.70419417 -0.06587055  0.12520192  0.73045031 -0.04669501  0.2799369
  0.80817397 -0.09573294  0.24051211]
[ 0.70456551 -0.06668716  0.12170651  0.73335131 -0.04679151  0.2758997
  0.81081855 -0.0952418   0.23526233]
[ 0.70491634 -0.06750315  0.11820787  0.73623981 -0.04691389  0.27181426
  0.81341365 -0.09477716  0.22994176]
[ 0.70524665 -0.06831846  0.11470611  0.7391148  -0.04706227  0.26768036
  0.81595742 -0.09433937  0.22455162]
[ 0.70555643 -0.06913303  0.11120133  0.74197525 -0.0472368   0.26349784
  0.81844805 -0.09392876  0.2190932 ]
[ 0.70601262 -0.06932896  0.10840181  0.74432045 -0.04710714  0.26018686
  0.82055982 -0.09318352  0.21474981]
[ 0.70645626 -0.06952408  0.10559978  0.74665457 -0.0469888   0.25684877
  0.82263513 -0.09244992  0.21037037]
[ 0.70688733 -0.0697184   0.1027953   0.74897722 -0.0468818   0.25348349
  0.82467334 -0.09172808  0.20595552]
[ 0.70730583 -0.06991189  0.09998843  0.75128796 -0.04678618  0.25009097
  0.82667384 -0.09101811  0.20150594]
[ 0.70771173 -0.07010455  0.09717923  0.7535864  -0.04670195  0.24667115
  0.82863604 -0.09032013  0.19702232]
[ 0.70810504 -0.07029637  0.09436775  0.75587209 -0.04662915  0.24322396
  0.83055934 -0.08963426  0.19250536]
[ 0.70848574 -0.07048732  0.09155405  0.75814462 -0.04656782  0.23974937
  0.83244318 -0.08896058  0.18795577]
[ 0.70885382 -0.07067741  0.08873819  0.76040355 -0.04651797  0.23624733
  0.83428701 -0.08829921  0.18337426]
[ 0.70920927 -0.07086661  0.08592021  0.76264844 -0.04647964  0.2327178
  0.8360903  -0.08765023  0.17876156]
[ 0.70955209 -0.07105493  0.08310019  0.76487884 -0.04645286  0.22916075
  0.83785252 -0.08701372  0.17411841]
[ 0.70988226 -0.07124234  0.08027817  0.76709431 -0.04643767  0.22557617
  0.83957316 -0.08638978  0.16944557]
[ 0.71019978 -0.07142883  0.07745421  0.76929438 -0.04643409  0.22196403
  0.84125174 -0.08577846  0.16474378]
[ 0.71046185 -0.07158795  0.07503217  0.77116756 -0.04644029  0.21884598
  0.8426567  -0.08526459  0.16069122]
[ 0.71071462 -0.07174638  0.07260879  0.77302879 -0.04645507  0.21570768
  0.84403012 -0.08476008  0.15661844]
[ 0.71095808 -0.07190411  0.0701841   0.7748778  -0.04647844  0.21254914
  0.84537172 -0.08426498  0.15252594]
[ 0.71119221 -0.07206114  0.06775813  0.77671427 -0.04651044  0.20937035
  0.84668125 -0.08377933  0.14841421]
[ 0.71141703 -0.07221746  0.06533092  0.77853791 -0.04655108  0.20617134
  0.84795844 -0.08330315  0.14428375]
[ 0.71163251 -0.07237306  0.06290251  0.78034841 -0.04660039  0.20295213
  0.84920304 -0.08283648  0.14013505]
[ 0.71183866 -0.07252794  0.06047293  0.78214547 -0.04665837  0.19971272
  0.85041481 -0.08237934  0.13596863]
[ 0.71211159 -0.07274354  0.05706963  0.78463819 -0.04675418  0.19514369
  0.8520557  -0.08175539  0.13010682]
[ 0.7123662  -0.07295769  0.05366421  0.78710311 -0.04686712  0.19053523
  0.85363119 -0.08115023  0.12421267]
[ 0.71260249 -0.07317036  0.05025677  0.78953938 -0.04699723  0.18588746
  0.85514072 -0.08056388  0.11828757]
[ 0.71282044 -0.07338154  0.04684741  0.79194613 -0.04714458  0.18120048
  0.85658375 -0.07999639  0.11233295]
[ 0.71302005 -0.07359121  0.04343623  0.79432249 -0.04730924  0.17647447
  0.8579598  -0.07944778  0.10635024]
[ 0.71320131 -0.07379935  0.04002332  0.79666758 -0.04749124  0.17170957
  0.8592684  -0.07891805  0.10034086]
[ 0.71336421 -0.07400594  0.03660879  0.79898051 -0.04769067  0.16690597
  0.86050915 -0.07840723  0.09430625]
[ 0.71350874 -0.07421096  0.03319273  0.8012604  -0.04790756  0.1620639
  0.86168165 -0.07791529  0.08824785]
[ 0.71363489 -0.07441438  0.02977525  0.80350635 -0.04814198  0.15718358
  0.86278557 -0.07744222  0.08216711]
[ 0.71374265 -0.0746162   0.02635644  0.80571746 -0.04839398  0.15226526
  0.86382059 -0.076988    0.07606546]
[ 0.71383203 -0.07481639  0.0229364   0.80789284 -0.04866362  0.14730921
  0.86478645 -0.07655259  0.06994435]
[ 0.71390301 -0.07501493  0.01951523  0.81003157 -0.04895094  0.14231575
  0.86568291 -0.07613595  0.06380522]
[ 0.71395558 -0.0752118   0.01609304  0.81213275 -0.04925601  0.1372852
  0.86650977 -0.07573804  0.05764952]
[ 0.71398975 -0.07540699  0.01266991  0.81419547 -0.04957886  0.13221789
  0.86726687 -0.07535878  0.05147867]
[ 0.7140055  -0.07560047  0.00924595  0.81621882 -0.04991954  0.12711421
  0.86795408 -0.07499811  0.04529412]
[ 0.71416181 -0.07556693  0.00367548  0.81948589 -0.05021788  0.11884607
  0.86906607 -0.07404628  0.03533551]
[ 0.71426947 -0.07552874 -0.00189752  0.82264656 -0.05055547  0.11048905
  0.86999873 -0.07313607  0.02535452]
[ 0.71432845 -0.07548588 -0.00747263  0.82569729 -0.0509325   0.102045
  0.87075243 -0.07226733  0.01535671]
[ 0.71433872 -0.07543833 -0.01304941  0.82863459 -0.05134916  0.09351592
  0.87132778 -0.07143987  0.00534758]
[ 0.71430027 -0.07538606 -0.01862742  0.83145494 -0.05180561  0.08490395
  0.87172556 -0.07065347 -0.00466745]
[ 0.71421307 -0.07532906 -0.02420624  0.8341549  -0.052302    0.07621144
  0.87194676 -0.06990785 -0.01468306]
[ 0.7140771  -0.0752673  -0.02978544  0.83673106 -0.05283847  0.06744086
  0.87199258 -0.06920273 -0.02469402]
[ 0.71389237 -0.07520076 -0.03536459  0.83918007 -0.05341514  0.05859487
  0.87186438 -0.0685378  -0.03469522]
[ 0.71365886 -0.07512942 -0.04094325  0.84149862 -0.05403211  0.04967628
  0.87156371 -0.06791269 -0.04468165]
[ 0.71337656 -0.07505327 -0.04652099  0.84368349 -0.05468945  0.04068807
  0.87109229 -0.06732703 -0.05464843]
[ 0.71304549 -0.07497227 -0.05209738  0.84573153 -0.05538721  0.03163338
  0.87045199 -0.06678044 -0.06459081]
[ 0.71266564 -0.07488642 -0.05767198  0.84763969 -0.05612543  0.02251548
  0.86964487 -0.06627249 -0.07450416]
[ 0.71223702 -0.07479569 -0.06324438  0.84940501 -0.05690411  0.01333783
  0.86867309 -0.06580276 -0.08438399]
[ 0.71175965 -0.07470007 -0.06881412  0.85102461 -0.0577232   0.00410403
  0.86753898 -0.06537078 -0.09422598]
[ 0.71123353 -0.07459953 -0.07438079  0.85249575 -0.05858266 -0.00518219
  0.866245   -0.0649761  -0.10402592]
[ 0.71092019 -0.07454155 -0.07747189  0.85324793 -0.05907755 -0.01036242
  0.86545798 -0.06477278 -0.10945066]
[ 0.71059182 -0.07448204 -0.08056184  0.85395304 -0.05958485 -0.01555695
  0.86462287 -0.06458073 -0.1148605 ]
[ 0.71024842 -0.074421   -0.08365055  0.85461066 -0.06010453 -0.02076508
  0.86374014 -0.06439989 -0.12025479]
[ 0.70988999 -0.07435843 -0.08673795  0.85522038 -0.06063657 -0.02598609
  0.86281025 -0.06423016 -0.12563287]
[ 0.70951655 -0.07429433 -0.08982398  0.85578181 -0.06118095 -0.03121927
  0.86183369 -0.06407145 -0.13099411]
[ 0.70912809 -0.07422869 -0.09290855  0.85629457 -0.06173761 -0.03646388
  0.86081097 -0.06392369 -0.13633791]
[ 0.70872462 -0.07416151 -0.0959916   0.85675828 -0.06230654 -0.04171917
  0.85974259 -0.06378679 -0.14166367]
[ 0.70830615 -0.07409279 -0.09907304  0.8571726  -0.06288768 -0.0469844
  0.85862905 -0.06366065 -0.1469708 ]
[ 0.70787269 -0.07402253 -0.1021528   0.85753719 -0.063481   -0.05225878
  0.85747089 -0.0635452  -0.15225874]
[ 0.70787269 -0.07402253 -0.1021528   0.85753719 -0.063481   -0.05225878
  0.85747089 -0.0635452  -0.15225874]
[ 0.70787269 -0.07402253 -0.1021528   0.85753719 -0.063481   -0.05225878
  0.85747089 -0.0635452  -0.15225874]
[ 0.70787269 -0.07402253 -0.1021528   0.85753719 -0.063481   -0.05225878
  0.85747089 -0.0635452  -0.15225874]
[ 0.70787269 -0.07402253 -0.1021528   0.85753719 -0.063481   -0.05225878
  0.85747089 -0.0635452  -0.15225874]
[ 0.70787269 -0.07402253 -0.1021528   0.85753719 -0.063481   -0.05225878
  0.85747089 -0.0635452  -0.15225874]
[ 0.70787269 -0.07402253 -0.1021528   0.85753719 -0.063481   -0.05225878
  0.85747089 -0.0635452  -0.15225874]
[ 0.70787269 -0.07402253 -0.1021528   0.85753719 -0.063481   -0.05225878
  0.85747089 -0.0635452  -0.15225874]
[ 0.70787269 -0.07402253 -0.1021528   0.85753719 -0.063481   -0.05225878
  0.85747089 -0.0635452  -0.15225874]
[ 0.70787269 -0.07402253 -0.1021528   0.85753719 -0.063481   -0.05225878
  0.85747089 -0.0635452  -0.15225874]
[ 0.70787269 -0.07402253 -0.1021528   0.85753719 -0.063481   -0.05225878
  0.85747089 -0.0635452  -0.15225874]
[ 0.70787269 -0.07402253 -0.1021528   0.85753719 -0.063481   -0.05225878
  0.85747089 -0.0635452  -0.15225874]
[ 0.70787269 -0.07402253 -0.1021528   0.85753719 -0.063481   -0.05225878
  0.85747089 -0.0635452  -0.15225874]
[ 0.70787269 -0.07402253 -0.1021528   0.85753719 -0.063481   -0.05225878
  0.85747089 -0.0635452  -0.15225874]
[ 0.70787269 -0.07402253 -0.1021528   0.85753719 -0.063481   -0.05225878
  0.85747089 -0.0635452  -0.15225874]
[ 0.70787269 -0.07402253 -0.1021528   0.85753719 -0.063481   -0.05225878
  0.85747089 -0.0635452  -0.15225874]
[ 0.70787269 -0.07402253 -0.1021528   0.85753719 -0.063481   -0.05225878
  0.85747089 -0.0635452  -0.15225874]
[ 0.70787269 -0.07402253 -0.1021528   0.85753719 -0.063481   -0.05225878
  0.85747089 -0.0635452  -0.15225874]
[ 0.70787269 -0.07402253 -0.1021528   0.85753719 -0.063481   -0.05225878
  0.85747089 -0.0635452  -0.15225874]
[ 0.70787269 -0.07402253 -0.1021528   0.85753719 -0.063481   -0.05225878
  0.85747089 -0.0635452  -0.15225874]
[ 0.70787269 -0.07402253 -0.1021528   0.85753719 -0.063481   -0.05225878
  0.85747089 -0.0635452  -0.15225874]
[ 0.70787269 -0.07402253 -0.1021528   0.85753719 -0.063481   -0.05225878
  0.85747089 -0.0635452  -0.15225874]
[ 0.70787269 -0.07402253 -0.1021528   0.85753719 -0.063481   -0.05225878
  0.85747089 -0.0635452  -0.15225874]
[ 0.70787269 -0.07402253 -0.1021528   0.85753719 -0.063481   -0.05225878
  0.85747089 -0.0635452  -0.15225874]
[ 0.70787269 -0.07402253 -0.1021528   0.85753719 -0.063481   -0.05225878
  0.85747089 -0.0635452  -0.15225874]
[ 0.70787269 -0.07402253 -0.1021528   0.85753719 -0.063481   -0.05225878
  0.85747089 -0.0635452  -0.15225874]
[ 0.70787269 -0.07402253 -0.1021528   0.85753719 -0.063481   -0.05225878
  0.85747089 -0.0635452  -0.15225874]
[ 0.70787269 -0.07402253 -0.1021528   0.85753719 -0.063481   -0.05225878
  0.85747089 -0.0635452  -0.15225874]
[ 0.70787269 -0.07402253 -0.1021528   0.85753719 -0.063481   -0.05225878
  0.85747089 -0.0635452  -0.15225874]
[ 0.70787269 -0.07402253 -0.1021528   0.85753719 -0.063481   -0.05225878
  0.85747089 -0.0635452  -0.15225874]
[ 0.70787269 -0.07402253 -0.1021528   0.85753719 -0.063481   -0.05225878
  0.85747089 -0.0635452  -0.15225874]
[ 0.70787269 -0.07402253 -0.1021528   0.85753719 -0.063481   -0.05225878
  0.85747089 -0.0635452  -0.15225874]
[ 0.70787269 -0.07402253 -0.1021528   0.85753719 -0.063481   -0.05225878
  0.85747089 -0.0635452  -0.15225874]
[ 0.70787269 -0.07402253 -0.1021528   0.85753719 -0.063481   -0.05225878
  0.85747089 -0.0635452  -0.15225874]
[ 0.70787269 -0.07402253 -0.1021528   0.85753719 -0.063481   -0.05225878
  0.85747089 -0.0635452  -0.15225874]
[ 0.70787269 -0.07402253 -0.1021528   0.85753719 -0.063481   -0.05225878
  0.85747089 -0.0635452  -0.15225874]
[ 0.70787269 -0.07402253 -0.1021528   0.85753719 -0.063481   -0.05225878
  0.85747089 -0.0635452  -0.15225874]
[ 0.70787269 -0.07402253 -0.1021528   0.85753719 -0.063481   -0.05225878
  0.85747089 -0.0635452  -0.15225874]
[ 0.70787269 -0.07402253 -0.1021528   0.85753719 -0.063481   -0.05225878
  0.85747089 -0.0635452  -0.15225874]
[ 0.70787269 -0.07402253 -0.1021528   0.85753719 -0.063481   -0.05225878
  0.85747089 -0.0635452  -0.15225874]
[ 0.70787269 -0.07402253 -0.1021528   0.85753719 -0.063481   -0.05225878
  0.85747089 -0.0635452  -0.15225874]
[ 0.70787269 -0.07402253 -0.1021528   0.85753719 -0.063481   -0.05225878
  0.85747089 -0.0635452  -0.15225874]
[ 0.70787269 -0.07402253 -0.1021528   0.85753719 -0.063481   -0.05225878
  0.85747089 -0.0635452  -0.15225874]
[ 0.70787269 -0.07402253 -0.1021528   0.85753719 -0.063481   -0.05225878
  0.85747089 -0.0635452  -0.15225874]
[ 0.70787269 -0.07402253 -0.1021528   0.85753719 -0.063481   -0.05225878
  0.85747089 -0.0635452  -0.15225874]
[ 0.70787269 -0.07402253 -0.1021528   0.85753719 -0.063481   -0.05225878
  0.85747089 -0.0635452  -0.15225874]
[ 0.70787269 -0.07402253 -0.1021528   0.85753719 -0.063481   -0.05225878
  0.85747089 -0.0635452  -0.15225874]
[ 0.70787269 -0.07402253 -0.1021528   0.85753719 -0.063481   -0.05225878
  0.85747089 -0.0635452  -0.15225874]
[ 0.70787269 -0.07402253 -0.1021528   0.85753719 -0.063481   -0.05225878
  0.85747089 -0.0635452  -0.15225874]
[ 0.70787269 -0.07402253 -0.1021528   0.85753719 -0.063481   -0.05225878
  0.85747089 -0.0635452  -0.15225874]
[ 0.70787269 -0.07402253 -0.1021528   0.85753719 -0.063481   -0.05225878
  0.85747089 -0.0635452  -0.15225874]
[ 0.70787269 -0.07402253 -0.1021528   0.85753719 -0.063481   -0.05225878
  0.85747089 -0.0635452  -0.15225874]
[ 0.70787269 -0.07402253 -0.1021528   0.85753719 -0.063481   -0.05225878
  0.85747089 -0.0635452  -0.15225874]
[ 0.70787269 -0.07402253 -0.1021528   0.85753719 -0.063481   -0.05225878
  0.85747089 -0.0635452  -0.15225874]
[ 0.70787269 -0.07402253 -0.1021528   0.85753719 -0.063481   -0.05225878
  0.85747089 -0.0635452  -0.15225874]
[ 0.70787269 -0.07402253 -0.1021528   0.85753719 -0.063481   -0.05225878
  0.85747089 -0.0635452  -0.15225874]
[ 0.70787269 -0.07402253 -0.1021528   0.85753719 -0.063481   -0.05225878
  0.85747089 -0.0635452  -0.15225874]
[ 0.70787269 -0.07402253 -0.1021528   0.85753719 -0.063481   -0.05225878
  0.85747089 -0.0635452  -0.15225874]
[ 0.70787269 -0.07402253 -0.1021528   0.85753719 -0.063481   -0.05225878
  0.85747089 -0.0635452  -0.15225874]
[ 0.70787269 -0.07402253 -0.1021528   0.85753719 -0.063481   -0.05225878
  0.85747089 -0.0635452  -0.15225874]
[ 0.70787269 -0.07402253 -0.1021528   0.85753719 -0.063481   -0.05225878
  0.85747089 -0.0635452  -0.15225874]
[ 0.70787269 -0.07402253 -0.1021528   0.85753719 -0.063481   -0.05225878
  0.85747089 -0.0635452  -0.15225874]
[ 0.70787269 -0.07402253 -0.1021528   0.85753719 -0.063481   -0.05225878
  0.85747089 -0.0635452  -0.15225874]
[ 0.70787269 -0.07402253 -0.1021528   0.85753719 -0.063481   -0.05225878
  0.85747089 -0.0635452  -0.15225874]
[ 0.70787269 -0.07402253 -0.1021528   0.85753719 -0.063481   -0.05225878
  0.85747089 -0.0635452  -0.15225874]
[ 0.70787269 -0.07402253 -0.1021528   0.85753719 -0.063481   -0.05225878
  0.85747089 -0.0635452  -0.15225874]
[ 0.70787269 -0.07402253 -0.1021528   0.85753719 -0.063481   -0.05225878
  0.85747089 -0.0635452  -0.15225874]
[ 0.70787269 -0.07402253 -0.1021528   0.85753719 -0.063481   -0.05225878
  0.85747089 -0.0635452  -0.15225874]
[ 0.70787269 -0.07402253 -0.1021528   0.85753719 -0.063481   -0.05225878
  0.85747089 -0.0635452  -0.15225874]
[ 0.70787269 -0.07402253 -0.1021528   0.85753719 -0.063481   -0.05225878
  0.85747089 -0.0635452  -0.15225874]
[ 0.70787269 -0.07402253 -0.1021528   0.85753719 -0.063481   -0.05225878
  0.85747089 -0.0635452  -0.15225874]
